#          k/h    CDM            baryon         photon         nu             mass_nu        total          no_nu          total_de       Weyl           v_CDM          v_b            v_b-v_c     
   0.102411E-04   0.208348E+08   0.192151E+08   0.256068E+08   0.256064E+08   0.192173E+08   0.205564E+08   0.205628E+08   0.205633E+08  -0.464394E+00   0.982220E+07   0.982220E+07   0.574081E+01
   0.113070E-04   0.208347E+08   0.192151E+08   0.256039E+08   0.256034E+08   0.192173E+08   0.205564E+08   0.205628E+08   0.205633E+08  -0.464394E+00   0.982220E+07   0.982220E+07   0.633811E+01
   0.124838E-04   0.208347E+08   0.192151E+08   0.256003E+08   0.255997E+08   0.192173E+08   0.205564E+08   0.205628E+08   0.205633E+08  -0.464394E+00   0.982220E+07   0.982220E+07   0.699750E+01
   0.137831E-04   0.208347E+08   0.192151E+08   0.255960E+08   0.255953E+08   0.192172E+08   0.205564E+08   0.205628E+08   0.205633E+08  -0.464394E+00   0.982219E+07   0.982219E+07   0.772543E+01
   0.152176E-04   0.208347E+08   0.192151E+08   0.255907E+08   0.255898E+08   0.192172E+08   0.205564E+08   0.205628E+08   0.205632E+08  -0.464394E+00   0.982219E+07   0.982219E+07   0.852900E+01
   0.168014E-04   0.208347E+08   0.192151E+08   0.255842E+08   0.255832E+08   0.192172E+08   0.205564E+08   0.205628E+08   0.205632E+08  -0.464393E+00   0.982218E+07   0.982218E+07   0.941605E+01
   0.185500E-04   0.208347E+08   0.192150E+08   0.255764E+08   0.255751E+08   0.192171E+08   0.205564E+08   0.205627E+08   0.205632E+08  -0.464393E+00   0.982217E+07   0.982217E+07   0.103952E+02
   0.204806E-04   0.208347E+08   0.192150E+08   0.255668E+08   0.255652E+08   0.192171E+08   0.205564E+08   0.205627E+08   0.205632E+08  -0.464392E+00   0.982216E+07   0.982216E+07   0.114760E+02
   0.226121E-04   0.208347E+08   0.192150E+08   0.255551E+08   0.255532E+08   0.192170E+08   0.205563E+08   0.205627E+08   0.205632E+08  -0.464392E+00   0.982215E+07   0.982215E+07   0.126688E+02
   0.249655E-04   0.208346E+08   0.192150E+08   0.255409E+08   0.255386E+08   0.192170E+08   0.205563E+08   0.205627E+08   0.205631E+08  -0.464391E+00   0.982214E+07   0.982214E+07   0.139853E+02
   0.275639E-04   0.208346E+08   0.192150E+08   0.255235E+08   0.255207E+08   0.192169E+08   0.205563E+08   0.205626E+08   0.205631E+08  -0.464390E+00   0.982212E+07   0.982212E+07   0.154381E+02
   0.304326E-04   0.208345E+08   0.192149E+08   0.255024E+08   0.254990E+08   0.192168E+08   0.205562E+08   0.205626E+08   0.205630E+08  -0.464389E+00   0.982210E+07   0.982210E+07   0.170411E+02
   0.336000E-04   0.208345E+08   0.192149E+08   0.254767E+08   0.254725E+08   0.192167E+08   0.205562E+08   0.205626E+08   0.205630E+08  -0.464387E+00   0.982208E+07   0.982208E+07   0.188097E+02
   0.370969E-04   0.208344E+08   0.192148E+08   0.254454E+08   0.254403E+08   0.192165E+08   0.205561E+08   0.205625E+08   0.205629E+08  -0.464386E+00   0.982205E+07   0.982205E+07   0.207607E+02
   0.409578E-04   0.208344E+08   0.192147E+08   0.254073E+08   0.254010E+08   0.192164E+08   0.205560E+08   0.205624E+08   0.205628E+08  -0.464383E+00   0.982201E+07   0.982201E+07   0.229124E+02
   0.452206E-04   0.208343E+08   0.192146E+08   0.253608E+08   0.253533E+08   0.192161E+08   0.205560E+08   0.205623E+08   0.205627E+08  -0.464381E+00   0.982197E+07   0.982196E+07   0.252849E+02
   0.499270E-04   0.208342E+08   0.192145E+08   0.253044E+08   0.252952E+08   0.192159E+08   0.205558E+08   0.205622E+08   0.205626E+08  -0.464378E+00   0.982192E+07   0.982191E+07   0.279001E+02
   0.551232E-04   0.208340E+08   0.192144E+08   0.252357E+08   0.252245E+08   0.192155E+08   0.205557E+08   0.205621E+08   0.205625E+08  -0.464374E+00   0.982185E+07   0.982184E+07   0.307820E+02
   0.608603E-04   0.208339E+08   0.192143E+08   0.251522E+08   0.251386E+08   0.192152E+08   0.205555E+08   0.205619E+08   0.205623E+08  -0.464369E+00   0.982177E+07   0.982176E+07   0.339562E+02
   0.671944E-04   0.208337E+08   0.192141E+08   0.250508E+08   0.250342E+08   0.192147E+08   0.205553E+08   0.205617E+08   0.205620E+08  -0.464364E+00   0.982167E+07   0.982166E+07   0.374506E+02
   0.741878E-04   0.208334E+08   0.192138E+08   0.249277E+08   0.249076E+08   0.192141E+08   0.205551E+08   0.205615E+08   0.205618E+08  -0.464357E+00   0.982155E+07   0.982154E+07   0.412951E+02
   0.819090E-04   0.208331E+08   0.192136E+08   0.247783E+08   0.247539E+08   0.192134E+08   0.205548E+08   0.205612E+08   0.205614E+08  -0.464348E+00   0.982141E+07   0.982140E+07   0.455214E+02
   0.904338E-04   0.208328E+08   0.192132E+08   0.245974E+08   0.245679E+08   0.192125E+08   0.205544E+08   0.205608E+08   0.205610E+08  -0.464338E+00   0.982123E+07   0.982122E+07   0.501631E+02
   0.998458E-04   0.208323E+08   0.192128E+08   0.243785E+08   0.243427E+08   0.192114E+08   0.205540E+08   0.205604E+08   0.205605E+08  -0.464326E+00   0.982102E+07   0.982100E+07   0.552551E+02
   0.110237E-03   0.208318E+08   0.192123E+08   0.241141E+08   0.240709E+08   0.192102E+08   0.205535E+08   0.205598E+08   0.205599E+08  -0.464310E+00   0.982076E+07   0.982074E+07   0.608332E+02
   0.121711E-03   0.208311E+08   0.192117E+08   0.237954E+08   0.237432E+08   0.192086E+08   0.205528E+08   0.205592E+08   0.205592E+08  -0.464292E+00   0.982044E+07   0.982042E+07   0.669332E+02
   0.134378E-03   0.208303E+08   0.192109E+08   0.234122E+08   0.233494E+08   0.192067E+08   0.205520E+08   0.205584E+08   0.205583E+08  -0.464270E+00   0.982006E+07   0.982003E+07   0.735897E+02
   0.148363E-03   0.208293E+08   0.192100E+08   0.229527E+08   0.228773E+08   0.192043E+08   0.205510E+08   0.205574E+08   0.205572E+08  -0.464243E+00   0.981959E+07   0.981955E+07   0.808348E+02
   0.163805E-03   0.208282E+08   0.192089E+08   0.224038E+08   0.223137E+08   0.192015E+08   0.205499E+08   0.205563E+08   0.205558E+08  -0.464210E+00   0.981902E+07   0.981897E+07   0.886953E+02
   0.180853E-03   0.208267E+08   0.192075E+08   0.217512E+08   0.216439E+08   0.191981E+08   0.205484E+08   0.205548E+08   0.205542E+08  -0.464170E+00   0.981832E+07   0.981827E+07   0.971903E+02
   0.199675E-03   0.208250E+08   0.192058E+08   0.209795E+08   0.208523E+08   0.191939E+08   0.205467E+08   0.205531E+08   0.205523E+08  -0.464121E+00   0.981748E+07   0.981742E+07   0.106327E+03
   0.220457E-03   0.208229E+08   0.192038E+08   0.200731E+08   0.199234E+08   0.191888E+08   0.205446E+08   0.205510E+08   0.205499E+08  -0.464063E+00   0.981646E+07   0.981638E+07   0.116096E+03
   0.243401E-03   0.208203E+08   0.192014E+08   0.190174E+08   0.188425E+08   0.191825E+08   0.205420E+08   0.205485E+08   0.205471E+08  -0.463993E+00   0.981522E+07   0.981512E+07   0.126463E+03
   0.268734E-03   0.208172E+08   0.191985E+08   0.178005E+08   0.175982E+08   0.191750E+08   0.205389E+08   0.205454E+08   0.205436E+08  -0.463908E+00   0.981371E+07   0.981360E+07   0.137367E+03
   0.296702E-03   0.208134E+08   0.191949E+08   0.164155E+08   0.161843E+08   0.191658E+08   0.205351E+08   0.205417E+08   0.205395E+08  -0.463806E+00   0.981189E+07   0.981176E+07   0.148705E+03
   0.327582E-03   0.208089E+08   0.191906E+08   0.148641E+08   0.146036E+08   0.191547E+08   0.205306E+08   0.205371E+08   0.205346E+08  -0.463685E+00   0.980969E+07   0.980954E+07   0.160327E+03
   0.361676E-03   0.208034E+08   0.191854E+08   0.131603E+08   0.128722E+08   0.191413E+08   0.205251E+08   0.205317E+08   0.205286E+08  -0.463539E+00   0.980704E+07   0.980686E+07   0.172026E+03
   0.399318E-03   0.207968E+08   0.191792E+08   0.113348E+08   0.110234E+08   0.191250E+08   0.205186E+08   0.205252E+08   0.205216E+08  -0.463367E+00   0.980385E+07   0.980363E+07   0.183529E+03
   0.440878E-03   0.207889E+08   0.191717E+08   0.943926E+07   0.911209E+07   0.191053E+08   0.205106E+08   0.205173E+08   0.205131E+08  -0.463162E+00   0.980002E+07   0.979976E+07   0.194497E+03
   0.486763E-03   0.207794E+08   0.191628E+08   0.754775E+07   0.721638E+07   0.190816E+08   0.205012E+08   0.205079E+08   0.205032E+08  -0.462921E+00   0.979544E+07   0.979514E+07   0.204526E+03
   0.537423E-03   0.207681E+08   0.191521E+08   0.575473E+07   0.543441E+07   0.190530E+08   0.204899E+08   0.204967E+08   0.204914E+08  -0.462638E+00   0.978997E+07   0.978962E+07   0.213165E+03
   0.593356E-03   0.207546E+08   0.191394E+08   0.416547E+07   0.387407E+07   0.190187E+08   0.204765E+08   0.204834E+08   0.204776E+08  -0.462308E+00   0.978346E+07   0.978307E+07   0.219940E+03
   0.655111E-03   0.207386E+08   0.191245E+08   0.287737E+07   0.263286E+07   0.189775E+08   0.204606E+08   0.204676E+08   0.204613E+08  -0.461924E+00   0.977576E+07   0.977532E+07   0.224406E+03
   0.723293E-03   0.207198E+08   0.191068E+08   0.195276E+07   0.176904E+07   0.189283E+08   0.204418E+08   0.204490E+08   0.204423E+08  -0.461478E+00   0.976668E+07   0.976619E+07   0.226195E+03
   0.798570E-03   0.206977E+08   0.190861E+08   0.138977E+07   0.127174E+07   0.188696E+08   0.204197E+08   0.204271E+08   0.204201E+08  -0.460961E+00   0.975602E+07   0.975548E+07   0.225081E+03
   0.881683E-03   0.206717E+08   0.190618E+08   0.110645E+07   0.104610E+07   0.187998E+08   0.203938E+08   0.204014E+08   0.203941E+08  -0.460364E+00   0.974355E+07   0.974297E+07   0.221013E+03
   0.973446E-03   0.206414E+08   0.190336E+08   0.958499E+06   0.934994E+06   0.187172E+08   0.203637E+08   0.203715E+08   0.203639E+08  -0.459674E+00   0.972904E+07   0.972841E+07   0.214118E+03
   0.107476E-02   0.206062E+08   0.190008E+08   0.802010E+06   0.788178E+06   0.186199E+08   0.203285E+08   0.203367E+08   0.203288E+08  -0.458874E+00   0.971219E+07   0.971153E+07   0.204663E+03
   0.118662E-02   0.205654E+08   0.189629E+08   0.578174E+06   0.552446E+06   0.185056E+08   0.202878E+08   0.202963E+08   0.202880E+08  -0.457950E+00   0.969268E+07   0.969200E+07   0.192987E+03
   0.131011E-02   0.205181E+08   0.189191E+08   0.350433E+06   0.307214E+06   0.183724E+08   0.202408E+08   0.202496E+08   0.202409E+08  -0.456882E+00   0.967016E+07   0.966946E+07   0.179476E+03
   0.144647E-02   0.204636E+08   0.188688E+08   0.224700E+06   0.173726E+06   0.182185E+08   0.201865E+08   0.201958E+08   0.201865E+08  -0.455653E+00   0.964422E+07   0.964351E+07   0.164607E+03
   0.159701E-02   0.204010E+08   0.188109E+08   0.201381E+06  -0.224055E+06   0.180421E+08   0.201241E+08   0.201340E+08   0.201241E+08  -0.454240E+00   0.961443E+07   0.961372E+07   0.149026E+03
   0.176322E-02   0.203291E+08   0.187446E+08   0.162305E+06  -0.183148E+06   0.178415E+08   0.200526E+08   0.200631E+08   0.200526E+08  -0.452624E+00   0.958028E+07   0.957957E+07   0.133525E+03
   0.194673E-02   0.202470E+08   0.186688E+08   0.711339E+05  -0.149634E+06   0.176154E+08   0.199708E+08   0.199820E+08   0.199708E+08  -0.450777E+00   0.954126E+07   0.954057E+07   0.118863E+03
   0.214934E-02   0.201535E+08   0.185825E+08   0.374232E+05  -0.122182E+06   0.173630E+08   0.198777E+08   0.198897E+08   0.198777E+08  -0.448674E+00   0.949683E+07   0.949614E+07   0.105624E+03
   0.237304E-02   0.200472E+08   0.184845E+08   0.503242E+05  -0.997035E+05   0.170839E+08   0.197720E+08   0.197848E+08   0.197720E+08  -0.446286E+00   0.944639E+07   0.944572E+07   0.941930E+02
   0.262001E-02   0.199269E+08   0.183735E+08   0.150955E+05  -0.813016E+05   0.167780E+08   0.196524E+08   0.196661E+08   0.196524E+08  -0.443586E+00   0.938934E+07   0.938867E+07   0.846526E+02
   0.289270E-02   0.197914E+08   0.182483E+08   0.108463E+05  -0.662433E+05   0.164452E+08   0.195177E+08   0.195323E+08   0.195177E+08  -0.440544E+00   0.932505E+07   0.932439E+07   0.766696E+02
   0.319376E-02   0.196392E+08   0.181077E+08   0.421207E+04  -0.539264E+05   0.160852E+08   0.193664E+08   0.193820E+08   0.193664E+08  -0.437129E+00   0.925290E+07   0.925223E+07   0.696915E+02
   0.352615E-02   0.194689E+08   0.179504E+08  -0.374463E+04  -0.438569E+05   0.156971E+08   0.191973E+08   0.192139E+08   0.191973E+08  -0.433311E+00   0.917222E+07   0.917156E+07   0.631843E+02
   0.389314E-02   0.192792E+08   0.177752E+08  -0.970360E+04  -0.356295E+05   0.152798E+08   0.190090E+08   0.190267E+08   0.190090E+08  -0.429059E+00   0.908240E+07   0.908173E+07   0.569196E+02
   0.429833E-02   0.190687E+08   0.175807E+08  -0.190370E+04  -0.289116E+05   0.148319E+08   0.188000E+08   0.188189E+08   0.188000E+08  -0.424343E+00   0.898275E+07   0.898209E+07   0.510521E+02
   0.474569E-02   0.188361E+08   0.173658E+08  -0.501660E+04  -0.234302E+05   0.143541E+08   0.185691E+08   0.185892E+08   0.185691E+08  -0.419131E+00   0.887262E+07   0.887197E+07   0.458596E+02
   0.523960E-02   0.185797E+08   0.171289E+08  -0.683250E+04  -0.189612E+05   0.138462E+08   0.183149E+08   0.183361E+08   0.183149E+08  -0.413392E+00   0.875134E+07   0.875069E+07   0.413686E+02
   0.578492E-02   0.182983E+08   0.168687E+08  -0.400643E+04  -0.153209E+05   0.133076E+08   0.180358E+08   0.180583E+08   0.180358E+08  -0.407093E+00   0.861823E+07   0.861758E+07   0.373285E+02
   0.638700E-02   0.179909E+08   0.165845E+08  -0.433490E+04  -0.123589E+05   0.127077E+08   0.177309E+08   0.177547E+08   0.177309E+08  -0.400210E+00   0.847277E+07   0.847213E+07   0.335755E+02
   0.705173E-02   0.176549E+08   0.162738E+08  -0.339055E+04  -0.995068E+04   0.120944E+08   0.173978E+08   0.174230E+08   0.173978E+08  -0.392692E+00   0.831389E+07   0.831325E+07   0.302075E+02
   0.778565E-02   0.172894E+08   0.159358E+08  -0.402566E+04  -0.799523E+04   0.114551E+08   0.170356E+08   0.170622E+08   0.170356E+08  -0.384517E+00   0.814110E+07   0.814047E+07   0.272507E+02
   0.859596E-02   0.168930E+08   0.155689E+08  -0.377797E+04  -0.640949E+04   0.107987E+08   0.166429E+08   0.166707E+08   0.166429E+08  -0.375652E+00   0.795371E+07   0.795308E+07   0.245739E+02
   0.949059E-02   0.164641E+08   0.151720E+08  -0.266768E+04  -0.512542E+04   0.101259E+08   0.162182E+08   0.162472E+08   0.162182E+08  -0.366067E+00   0.775108E+07   0.775045E+07   0.221751E+02
   0.104783E-01   0.160016E+08   0.147438E+08  -0.255734E+04  -0.408726E+04   0.943593E+07   0.157604E+08   0.157904E+08   0.157604E+08  -0.355732E+00   0.753258E+07   0.753195E+07   0.200502E+02
   0.115689E-01   0.155040E+08   0.142829E+08  -0.186506E+04  -0.324933E+04   0.873420E+07   0.152679E+08   0.152990E+08   0.152679E+08  -0.344617E+00   0.729754E+07   0.729691E+07   0.181463E+02
   0.127729E-01   0.149699E+08   0.137881E+08  -0.142062E+04  -0.257428E+04   0.802955E+07   0.147396E+08   0.147715E+08   0.147396E+08  -0.332692E+00   0.704537E+07   0.704474E+07   0.164571E+02
   0.141023E-01   0.143984E+08   0.132585E+08  -0.140195E+04  -0.203161E+04   0.732694E+07   0.141745E+08   0.142070E+08   0.141745E+08  -0.319936E+00   0.677558E+07   0.677495E+07   0.149488E+02
   0.155700E-01   0.137888E+08   0.126934E+08  -0.119080E+04  -0.159641E+04   0.662912E+07   0.135719E+08   0.136049E+08   0.135719E+08  -0.306334E+00   0.648786E+07   0.648723E+07   0.136024E+02
   0.171905E-01   0.131545E+08   0.121052E+08  -0.910269E+03  -0.124964E+04   0.595168E+07   0.129451E+08   0.129783E+08   0.129451E+08  -0.292187E+00   0.618857E+07   0.618793E+07   0.124016E+02
   0.189796E-01   0.124725E+08   0.114728E+08  -0.810259E+03  -0.972202E+03   0.528845E+07   0.122714E+08   0.123046E+08   0.122714E+08  -0.276982E+00   0.586684E+07   0.586620E+07   0.113058E+02
   0.209550E-01   0.117563E+08   0.108087E+08  -0.470225E+03  -0.751911E+03   0.465172E+07   0.115643E+08   0.115972E+08   0.115643E+08  -0.261021E+00   0.552909E+07   0.552845E+07   0.102988E+02
   0.231359E-01   0.110007E+08   0.101082E+08  -0.393636E+03  -0.577304E+03   0.404431E+07   0.108186E+08   0.108508E+08   0.108186E+08  -0.244190E+00   0.517286E+07   0.517221E+07   0.935195E+01
   0.255438E-01   0.102307E+08   0.939469E+07  -0.346834E+03  -0.440531E+03   0.347972E+07   0.100590E+08   0.100903E+08   0.100590E+08  -0.227045E+00   0.480995E+07   0.480930E+07   0.844975E+01
   0.282023E-01   0.945514E+07   0.867658E+07  -0.247732E+03  -0.334059E+03   0.296215E+07   0.929430E+07   0.932441E+07   0.929430E+07  -0.209784E+00   0.444453E+07   0.444389E+07   0.756817E+01
   0.311375E-01   0.867513E+07   0.795526E+07  -0.178086E+03  -0.251486E+03   0.249235E+07   0.852557E+07   0.855426E+07   0.852557E+07  -0.192433E+00   0.407716E+07   0.407653E+07   0.668542E+01
   0.343782E-01   0.791842E+07   0.725677E+07  -0.118899E+03  -0.188347E+03   0.207705E+07   0.778021E+07   0.780733E+07   0.778021E+07  -0.175609E+00   0.372091E+07   0.372031E+07   0.579432E+01
   0.379562E-01   0.720330E+07   0.659837E+07  -0.121442E+03  -0.140586E+03   0.171761E+07   0.707625E+07   0.710173E+07   0.707625E+07  -0.159720E+00   0.338441E+07   0.338386E+07   0.489423E+01
   0.419065E-01   0.654950E+07   0.599851E+07  -0.757012E+02  -0.104887E+03   0.141349E+07   0.643312E+07   0.645699E+07   0.643312E+07  -0.145204E+00   0.307697E+07   0.307647E+07   0.399948E+01
   0.460972E-01   0.598968E+07   0.548707E+07   0.710510E+02  -0.792958E+02   0.116964E+07   0.588288E+07   0.590529E+07   0.588288E+07  -0.132784E+00   0.281392E+07   0.281348E+07   0.317124E+01
   0.502878E-01   0.554721E+07   0.508467E+07   0.552809E+02  -0.617262E+02   0.985350E+06   0.544832E+07   0.546955E+07   0.544832E+07  -0.122976E+00   0.260616E+07   0.260579E+07   0.247867E+01
   0.544785E-01   0.518668E+07   0.475785E+07   0.440363E+02  -0.491911E+02   0.842057E+06   0.509446E+07   0.511468E+07   0.509446E+07  -0.114989E+00   0.243697E+07   0.243666E+07   0.192568E+01
   0.586691E-01   0.488063E+07   0.448057E+07   0.357262E+02  -0.399227E+02   0.727317E+06   0.479412E+07   0.481346E+07   0.479412E+07  -0.108209E+00   0.229337E+07   0.229310E+07   0.150876E+01
   0.628598E-01   0.460847E+07   0.423340E+07   0.293833E+02  -0.328456E+02   0.632823E+06   0.452698E+07   0.454550E+07   0.452698E+07  -0.102180E+00   0.216563E+07   0.216540E+07   0.121558E+01
   0.670504E-01   0.435227E+07   0.399956E+07   0.243863E+02  -0.272683E+02   0.552624E+06   0.427535E+07   0.429305E+07   0.427535E+07  -0.965001E-01   0.204530E+07   0.204510E+07   0.102584E+01
   0.712411E-01   0.410056E+07   0.376850E+07   0.203489E+02  -0.227606E+02   0.482992E+06   0.402795E+07   0.404480E+07   0.402795E+07  -0.909159E-01   0.192699E+07   0.192679E+07   0.914893E+00
   0.754317E-01   0.385478E+07   0.354180E+07   0.170592E+02  -0.190865E+02   0.422433E+06   0.378623E+07   0.380223E+07   0.378623E+07  -0.854602E-01   0.181139E+07   0.181120E+07   0.857964E+00
   0.796224E-01   0.360782E+07   0.331327E+07   0.143263E+02  -0.160333E+02   0.368839E+06   0.354327E+07   0.355837E+07   0.354327E+07  -0.799762E-01   0.169519E+07   0.169499E+07   0.829618E+00
   0.838130E-01   0.337051E+07   0.309332E+07   0.120757E+02  -0.135183E+02   0.322267E+06   0.330977E+07   0.332397E+07   0.330977E+07  -0.747057E-01   0.158350E+07   0.158330E+07   0.811053E+00
   0.880037E-01   0.314904E+07   0.288806E+07   0.102306E+02  -0.114556E+02   0.282261E+06   0.309186E+07   0.310522E+07   0.309186E+07  -0.697873E-01   0.147927E+07   0.147906E+07   0.788081E+00
   0.932263E-01   0.290282E+07   0.266033E+07   0.840133E+01  -0.940979E+01   0.240808E+06   0.284970E+07   0.286211E+07   0.284970E+07  -0.643214E-01   0.136344E+07   0.136323E+07   0.741430E+00
   0.984489E-01   0.269600E+07   0.246987E+07   0.699550E+01  -0.783692E+01   0.207649E+06   0.264643E+07   0.265803E+07   0.264643E+07  -0.597334E-01   0.126620E+07   0.126600E+07   0.671814E+00
   0.103672E+00   0.253048E+07   0.231845E+07   0.592066E+01  -0.663388E+01   0.181491E+06   0.248393E+07   0.249488E+07   0.248393E+07  -0.560655E-01   0.118847E+07   0.118829E+07   0.585422E+00
   0.108894E+00   0.240086E+07   0.220078E+07   0.509153E+01  -0.570555E+01   0.160782E+06   0.235682E+07   0.236726E+07   0.235682E+07  -0.531965E-01   0.112766E+07   0.112750E+07   0.493573E+00
   0.114117E+00   0.229579E+07   0.210601E+07   0.443358E+01  -0.496869E+01   0.143915E+06   0.225389E+07   0.226393E+07   0.225389E+07  -0.508733E-01   0.107842E+07   0.107828E+07   0.408156E+00
   0.119339E+00   0.220281E+07   0.202218E+07   0.389011E+01  -0.435997E+01   0.129551E+06   0.216281E+07   0.217248E+07   0.216281E+07  -0.488174E-01   0.103485E+07   0.103473E+07   0.338314E+00
   0.124562E+00   0.211211E+07   0.193995E+07   0.342385E+01  -0.383772E+01   0.116784E+06   0.207390E+07   0.208320E+07   0.207390E+07  -0.468105E-01   0.992316E+06   0.992208E+06   0.288617E+00
   0.129785E+00   0.201800E+07   0.185389E+07   0.301322E+01  -0.337780E+01   0.105105E+06   0.198152E+07   0.199044E+07   0.198152E+07  -0.447254E-01   0.948122E+06   0.948021E+06   0.258761E+00
   0.135007E+00   0.191888E+07   0.176259E+07   0.264759E+01  -0.296827E+01   0.943121E+05   0.188413E+07   0.189264E+07   0.188413E+07  -0.425272E-01   0.901529E+06   0.901430E+06   0.244550E+00
   0.140230E+00   0.181664E+07   0.166798E+07   0.232297E+01  -0.260466E+01   0.844000E+05   0.178360E+07   0.179168E+07   0.178360E+07  -0.402582E-01   0.853437E+06   0.853336E+06   0.239679E+00
   0.145453E+00   0.171537E+07   0.157408E+07   0.203842E+01  -0.228590E+01   0.754532E+05   0.168400E+07   0.169164E+07   0.168400E+07  -0.380100E-01   0.805782E+06   0.805678E+06   0.237647E+00
   0.150675E+00   0.162003E+07   0.148572E+07   0.179367E+01  -0.201169E+01   0.675706E+05   0.159023E+07   0.159748E+07   0.159023E+07  -0.358936E-01   0.760923E+06   0.760818E+06   0.233334E+00
   0.155898E+00   0.153521E+07   0.140735E+07   0.158759E+01  -0.178074E+01   0.608077E+05   0.150687E+07   0.151374E+07   0.150687E+07  -0.340120E-01   0.721037E+06   0.720933E+06   0.223876E+00
   0.161120E+00   0.146360E+07   0.134150E+07   0.141690E+01  -0.158940E+01   0.551285E+05   0.143653E+07   0.144310E+07   0.143653E+07  -0.324243E-01   0.687383E+06   0.687282E+06   0.208788E+00
   0.166343E+00   0.140486E+07   0.128784E+07   0.127597E+01  -0.143138E+01   0.503887E+05   0.137889E+07   0.138521E+07   0.137889E+07  -0.311233E-01   0.659806E+06   0.659712E+06   0.189476E+00
   0.171566E+00   0.135623E+07   0.124374E+07   0.115801E+01  -0.129909E+01   0.463797E+05   0.133123E+07   0.133734E+07   0.133123E+07  -0.300477E-01   0.637005E+06   0.636918E+06   0.168438E+00
   0.176788E+00   0.131409E+07   0.120567E+07   0.105678E+01  -0.118555E+01   0.428967E+05   0.128996E+07   0.129589E+07   0.128996E+07  -0.291160E-01   0.617254E+06   0.617176E+06   0.148393E+00
   0.182011E+00   0.127490E+07   0.117023E+07   0.967333E+00  -0.108522E+01   0.397700E+05   0.125156E+07   0.125733E+07   0.125156E+07  -0.282494E-01   0.598884E+06   0.598813E+06   0.131525E+00
   0.187234E+00   0.123557E+07   0.113447E+07   0.885949E+00  -0.993948E+00   0.368701E+05   0.121300E+07   0.121859E+07   0.121300E+07  -0.273790E-01   0.580433E+06   0.580367E+06   0.119001E+00
   0.192456E+00   0.119401E+07   0.109643E+07   0.810312E+00  -0.909128E+00   0.341167E+05   0.117222E+07   0.117763E+07   0.117222E+07  -0.264585E-01   0.560920E+06   0.560856E+06   0.110869E+00
   0.197679E+00   0.114990E+07   0.105581E+07   0.739646E+00  -0.829888E+00   0.314894E+05   0.112888E+07   0.113410E+07   0.112888E+07  -0.254803E-01   0.540185E+06   0.540122E+06   0.106280E+00
   0.202901E+00   0.110446E+07   0.101381E+07   0.674262E+00  -0.756573E+00   0.290128E+05   0.108422E+07   0.108924E+07   0.108422E+07  -0.244723E-01   0.518816E+06   0.518753E+06   0.103858E+00
   0.208124E+00   0.105960E+07   0.972292E+06   0.614758E+00  -0.689850E+00   0.267231E+05   0.104012E+07   0.104494E+07   0.104012E+07  -0.234769E-01   0.497715E+06   0.497652E+06   0.102121E+00
   0.213347E+00   0.101711E+07   0.932992E+06   0.561518E+00  -0.630144E+00   0.246481E+05   0.998355E+06   0.100299E+07   0.998355E+06  -0.225342E-01   0.477732E+06   0.477668E+06   0.998439E-01
   0.218569E+00   0.978415E+06   0.897288E+06   0.514617E+00  -0.577538E+00   0.228015E+05   0.960335E+06   0.964794E+06   0.960335E+06  -0.216760E-01   0.459540E+06   0.459477E+06   0.963032E-01
   0.223792E+00   0.944377E+06   0.866004E+06   0.473785E+00  -0.531733E+00   0.211812E+05   0.926911E+06   0.931218E+06   0.926911E+06  -0.209216E-01   0.443547E+06   0.443486E+06   0.913440E-01
   0.229015E+00   0.915010E+06   0.839143E+06   0.438354E+00  -0.491979E+00   0.197665E+05   0.898095E+06   0.902272E+06   0.898095E+06  -0.202712E-01   0.429758E+06   0.429700E+06   0.852885E-01
   0.234237E+00   0.889478E+06   0.815894E+06   0.407343E+00  -0.457180E+00   0.185204E+05   0.873059E+06   0.877122E+06   0.873059E+06  -0.197061E-01   0.417779E+06   0.417724E+06   0.787474E-01
   0.239460E+00   0.866476E+06   0.795002E+06   0.379704E+00  -0.426162E+00   0.174014E+05   0.850514E+06   0.854475E+06   0.850514E+06  -0.191972E-01   0.406991E+06   0.406939E+06   0.724073E-01
   0.244682E+00   0.844657E+06   0.775173E+06   0.354523E+00  -0.397903E+00   0.163720E+05   0.829126E+06   0.832990E+06   0.829126E+06  -0.187144E-01   0.396757E+06   0.396708E+06   0.668427E-01
   0.249905E+00   0.822900E+06   0.755333E+06   0.331113E+00  -0.371633E+00   0.154039E+05   0.807787E+06   0.811555E+06   0.807787E+06  -0.182328E-01   0.386546E+06   0.386500E+06   0.623911E-01
   0.255128E+00   0.800514E+06   0.734830E+06   0.309052E+00  -0.346879E+00   0.144801E+05   0.785817E+06   0.789485E+06   0.785817E+06  -0.177369E-01   0.376034E+06   0.375988E+06   0.591109E-01
   0.260350E+00   0.777374E+06   0.713554E+06   0.288191E+00  -0.323474E+00   0.135956E+05   0.763094E+06   0.766658E+06   0.763094E+06  -0.172240E-01   0.365161E+06   0.365116E+06   0.568184E-01
   0.265573E+00   0.753863E+06   0.691878E+06   0.268580E+00  -0.301472E+00   0.127546E+05   0.739997E+06   0.743455E+06   0.739997E+06  -0.167027E-01   0.354109E+06   0.354065E+06   0.551764E-01
   0.270796E+00   0.730622E+06   0.670429E+06   0.250344E+00  -0.281012E+00   0.119648E+05   0.717162E+06   0.720516E+06   0.717162E+06  -0.161873E-01   0.343182E+06   0.343139E+06   0.538009E-01
   0.276018E+00   0.708316E+06   0.649847E+06   0.233592E+00  -0.262216E+00   0.112333E+05   0.695246E+06   0.698498E+06   0.695246E+06  -0.156926E-01   0.332695E+06   0.332652E+06   0.523588E-01
   0.281241E+00   0.687485E+06   0.630657E+06   0.218373E+00  -0.245138E+00   0.105642E+05   0.674785E+06   0.677944E+06   0.674785E+06  -0.152308E-01   0.322905E+06   0.322862E+06   0.506361E-01
   0.286463E+00   0.668456E+06   0.613170E+06   0.204653E+00  -0.229741E+00   0.995771E+04   0.656101E+06   0.659173E+06   0.656101E+06  -0.148090E-01   0.313964E+06   0.313923E+06   0.485640E-01
   0.291686E+00   0.651259E+06   0.597413E+06   0.192311E+00  -0.215889E+00   0.940952E+04   0.639224E+06   0.642218E+06   0.639224E+06  -0.144281E-01   0.305888E+06   0.305848E+06   0.462043E-01
   0.296909E+00   0.635637E+06   0.583136E+06   0.181155E+00  -0.203366E+00   0.891154E+04   0.623897E+06   0.626822E+06   0.623897E+06  -0.140822E-01   0.298554E+06   0.298516E+06   0.437064E-01
   0.302131E+00   0.621149E+06   0.569916E+06   0.170962E+00  -0.191924E+00   0.845411E+04   0.609688E+06   0.612547E+06   0.609688E+06  -0.137614E-01   0.291755E+06   0.291718E+06   0.412520E-01
   0.307354E+00   0.607317E+06   0.557294E+06   0.161525E+00  -0.181332E+00   0.802795E+04   0.596121E+06   0.598918E+06   0.596121E+06  -0.134552E-01   0.285263E+06   0.285227E+06   0.390033E-01
   0.312577E+00   0.593732E+06   0.544877E+06   0.152681E+00  -0.171404E+00   0.762566E+04   0.582794E+06   0.585529E+06   0.582794E+06  -0.131544E-01   0.278886E+06   0.278851E+06   0.370656E-01
   0.317799E+00   0.580127E+06   0.532413E+06   0.144319E+00  -0.162019E+00   0.724241E+04   0.569442E+06   0.572115E+06   0.569442E+06  -0.128530E-01   0.272497E+06   0.272463E+06   0.354713E-01
   0.323022E+00   0.566415E+06   0.519822E+06   0.136387E+00  -0.153116E+00   0.687600E+04   0.555981E+06   0.558592E+06   0.555981E+06  -0.125492E-01   0.266056E+06   0.266022E+06   0.341850E-01
   0.328244E+00   0.552683E+06   0.507190E+06   0.128877E+00  -0.144687E+00   0.652655E+04   0.542496E+06   0.545044E+06   0.542496E+06  -0.122448E-01   0.259603E+06   0.259570E+06   0.331232E-01
   0.333467E+00   0.539128E+06   0.494711E+06   0.121806E+00  -0.136752E+00   0.619539E+04   0.529184E+06   0.531670E+06   0.529184E+06  -0.119444E-01   0.253233E+06   0.253200E+06   0.321822E-01
   0.338690E+00   0.525989E+06   0.482614E+06   0.115198E+00  -0.129335E+00   0.588408E+04   0.516279E+06   0.518706E+06   0.516279E+06  -0.116531E-01   0.247058E+06   0.247026E+06   0.312654E-01
   0.343912E+00   0.513468E+06   0.471095E+06   0.109064E+00  -0.122450E+00   0.559370E+04   0.503984E+06   0.506354E+06   0.503984E+06  -0.113756E-01   0.241174E+06   0.241143E+06   0.303043E-01
   0.349135E+00   0.501691E+06   0.460275E+06   0.103397E+00  -0.116089E+00   0.532422E+04   0.492421E+06   0.494737E+06   0.492421E+06  -0.111146E-01   0.235641E+06   0.235610E+06   0.292685E-01
   0.354358E+00   0.490678E+06   0.450173E+06   0.981679E-01  -0.110219E+00   0.507458E+04   0.481611E+06   0.483877E+06   0.481611E+06  -0.108706E-01   0.230468E+06   0.230438E+06   0.281646E-01
   0.359580E+00   0.480357E+06   0.440720E+06   0.933318E-01  -0.104790E+00   0.484279E+04   0.471483E+06   0.473702E+06   0.471483E+06  -0.106420E-01   0.225622E+06   0.225593E+06   0.270267E-01
   0.364803E+00   0.470592E+06   0.431784E+06   0.888359E-01  -0.997426E-01   0.462642E+04   0.461902E+06   0.464076E+06   0.461902E+06  -0.104257E-01   0.221037E+06   0.221009E+06   0.259024E-01
   0.370025E+00   0.461225E+06   0.423213E+06   0.846277E-01  -0.950182E-01   0.442301E+04   0.452711E+06   0.454843E+06   0.452711E+06  -0.102183E-01   0.216639E+06   0.216611E+06   0.248384E-01
   0.375248E+00   0.452107E+06   0.414866E+06   0.806619E-01  -0.905660E-01   0.423039E+04   0.443764E+06   0.445854E+06   0.443764E+06  -0.100163E-01   0.212357E+06   0.212331E+06   0.238688E-01
   0.380471E+00   0.443124E+06   0.406634E+06   0.769038E-01  -0.863471E-01   0.404696E+04   0.434948E+06   0.436997E+06   0.434948E+06  -0.981735E-02   0.208139E+06   0.208113E+06   0.230082E-01
   0.385693E+00   0.434223E+06   0.398466E+06   0.733316E-01  -0.823369E-01   0.387170E+04   0.426211E+06   0.428219E+06   0.426211E+06  -0.962012E-02   0.203958E+06   0.203932E+06   0.222520E-01
   0.390916E+00   0.425405E+06   0.390367E+06   0.699351E-01  -0.785240E-01   0.370425E+04   0.417554E+06   0.419522E+06   0.417554E+06  -0.942474E-02   0.199816E+06   0.199790E+06   0.215802E-01
   0.396139E+00   0.416731E+06   0.382394E+06   0.667138E-01  -0.749079E-01   0.354471E+04   0.409038E+06   0.410966E+06   0.409038E+06  -0.923251E-02   0.195740E+06   0.195715E+06   0.209649E-01
   0.401361E+00   0.408280E+06   0.374625E+06   0.636702E-01  -0.714911E-01   0.339332E+04   0.400740E+06   0.402629E+06   0.400740E+06  -0.904521E-02   0.191770E+06   0.191745E+06   0.203780E-01
   0.406584E+00   0.400118E+06   0.367125E+06   0.608040E-01  -0.682735E-01   0.325023E+04   0.392726E+06   0.394578E+06   0.392726E+06  -0.886434E-02   0.187935E+06   0.187911E+06   0.197967E-01
   0.411806E+00   0.392284E+06   0.359930E+06   0.581105E-01  -0.652497E-01   0.311527E+04   0.385035E+06   0.386852E+06   0.385035E+06  -0.869075E-02   0.184255E+06   0.184231E+06   0.192078E-01
   0.417029E+00   0.384794E+06   0.353056E+06   0.555820E-01  -0.624110E-01   0.298816E+04   0.377684E+06   0.379465E+06   0.377684E+06  -0.852480E-02   0.180736E+06   0.180713E+06   0.186092E-01
   0.422252E+00   0.377642E+06   0.346498E+06   0.532079E-01  -0.597455E-01   0.286843E+04   0.370664E+06   0.372413E+06   0.370664E+06  -0.836637E-02   0.177378E+06   0.177355E+06   0.180075E-01
   0.427474E+00   0.370792E+06   0.340220E+06   0.509740E-01  -0.572374E-01   0.275541E+04   0.363941E+06   0.365659E+06   0.363941E+06  -0.821462E-02   0.174160E+06   0.174138E+06   0.174145E-01
   0.432697E+00   0.364181E+06   0.334162E+06   0.488640E-01  -0.548683E-01   0.264832E+04   0.357454E+06   0.359141E+06   0.357454E+06  -0.806819E-02   0.171056E+06   0.171034E+06   0.168430E-01
   0.437920E+00   0.357750E+06   0.328268E+06   0.468630E-01  -0.526217E-01   0.254640E+04   0.351142E+06   0.352800E+06   0.351142E+06  -0.792573E-02   0.168036E+06   0.168014E+06   0.163036E-01
   0.443142E+00   0.351458E+06   0.322499E+06   0.449600E-01  -0.504851E-01   0.244913E+04   0.344967E+06   0.346596E+06   0.344967E+06  -0.778635E-02   0.165081E+06   0.165060E+06   0.158022E-01
   0.448365E+00   0.345285E+06   0.316836E+06   0.431472E-01  -0.484498E-01   0.235615E+04   0.338908E+06   0.340508E+06   0.338908E+06  -0.764959E-02   0.162181E+06   0.162161E+06   0.153396E-01
   0.453587E+00   0.339220E+06   0.311270E+06   0.414187E-01  -0.465090E-01   0.226718E+04   0.332955E+06   0.334527E+06   0.332955E+06  -0.751521E-02   0.159332E+06   0.159312E+06   0.149114E-01
   0.458810E+00   0.333265E+06   0.305802E+06   0.397702E-01  -0.446583E-01   0.218206E+04   0.327109E+06   0.328654E+06   0.327109E+06  -0.738327E-02   0.156535E+06   0.156515E+06   0.145102E-01
   0.464033E+00   0.327439E+06   0.300452E+06   0.382001E-01  -0.428955E-01   0.210072E+04   0.321390E+06   0.322908E+06   0.321390E+06  -0.725417E-02   0.153798E+06   0.153778E+06   0.141276E-01
   0.469255E+00   0.321769E+06   0.295245E+06   0.367075E-01  -0.412196E-01   0.202316E+04   0.315823E+06   0.317316E+06   0.315823E+06  -0.712854E-02   0.151135E+06   0.151115E+06   0.137563E-01
   0.474478E+00   0.316275E+06   0.290201E+06   0.352907E-01  -0.396288E-01   0.194933E+04   0.310430E+06   0.311897E+06   0.310430E+06  -0.700681E-02   0.148554E+06   0.148535E+06   0.133913E-01
   0.479701E+00   0.310962E+06   0.285324E+06   0.339463E-01  -0.381193E-01   0.187909E+04   0.305215E+06   0.306657E+06   0.305215E+06  -0.688909E-02   0.146058E+06   0.146039E+06   0.130303E-01
   0.484923E+00   0.305822E+06   0.280609E+06   0.326699E-01  -0.366862E-01   0.181223E+04   0.300170E+06   0.301589E+06   0.300170E+06  -0.677522E-02   0.143644E+06   0.143626E+06   0.126737E-01
   0.490146E+00   0.300845E+06   0.276044E+06   0.314570E-01  -0.353243E-01   0.174852E+04   0.295285E+06   0.296681E+06   0.295285E+06  -0.666497E-02   0.141306E+06   0.141288E+06   0.123239E-01
   0.495368E+00   0.296018E+06   0.271617E+06   0.303029E-01  -0.340285E-01   0.168776E+04   0.290547E+06   0.291921E+06   0.290547E+06  -0.655802E-02   0.139039E+06   0.139021E+06   0.119842E-01
   0.500591E+00   0.291321E+06   0.267310E+06   0.292031E-01  -0.327936E-01   0.162970E+04   0.285938E+06   0.287290E+06   0.285938E+06  -0.645398E-02   0.136833E+06   0.136816E+06   0.116580E-01
   0.505814E+00   0.286735E+06   0.263104E+06   0.281529E-01  -0.316144E-01   0.157412E+04   0.281437E+06   0.282768E+06   0.281437E+06  -0.635239E-02   0.134679E+06   0.134662E+06   0.113470E-01
   0.511036E+00   0.282244E+06   0.258984E+06   0.271484E-01  -0.304864E-01   0.152082E+04   0.277028E+06   0.278338E+06   0.277028E+06  -0.625289E-02   0.132570E+06   0.132553E+06   0.110520E-01
   0.516259E+00   0.277841E+06   0.254943E+06   0.261868E-01  -0.294067E-01   0.146966E+04   0.272706E+06   0.273996E+06   0.272706E+06  -0.615533E-02   0.130502E+06   0.130485E+06   0.107722E-01
   0.521482E+00   0.273527E+06   0.250985E+06   0.252664E-01  -0.283733E-01   0.142057E+04   0.268472E+06   0.269742E+06   0.268472E+06  -0.605977E-02   0.128476E+06   0.128459E+06   0.105059E-01
   0.526704E+00   0.269308E+06   0.247112E+06   0.243856E-01  -0.273843E-01   0.137348E+04   0.264330E+06   0.265581E+06   0.264330E+06  -0.596628E-02   0.126493E+06   0.126477E+06   0.102506E-01
   0.531927E+00   0.265184E+06   0.243326E+06   0.235430E-01  -0.264381E-01   0.132832E+04   0.260283E+06   0.261514E+06   0.260283E+06  -0.587491E-02   0.124556E+06   0.124540E+06   0.100040E-01
   0.537149E+00   0.261159E+06   0.239632E+06   0.227369E-01  -0.255331E-01   0.128503E+04   0.256332E+06   0.257545E+06   0.256332E+06  -0.578575E-02   0.122666E+06   0.122650E+06   0.976404E-02
   0.542372E+00   0.257238E+06   0.236034E+06   0.219663E-01  -0.246677E-01   0.124354E+04   0.252483E+06   0.253678E+06   0.252483E+06  -0.569887E-02   0.120824E+06   0.120809E+06   0.952959E-02
   0.547595E+00   0.253423E+06   0.232533E+06   0.212296E-01  -0.238405E-01   0.120381E+04   0.248738E+06   0.249915E+06   0.248738E+06  -0.561434E-02   0.119032E+06   0.119017E+06   0.930030E-02
   0.552817E+00   0.249708E+06   0.229125E+06   0.205250E-01  -0.230494E-01   0.116572E+04   0.245092E+06   0.246252E+06   0.245092E+06  -0.553205E-02   0.117287E+06   0.117272E+06   0.907640E-02
   0.558040E+00   0.246086E+06   0.225802E+06   0.198504E-01  -0.222919E-01   0.112918E+04   0.241537E+06   0.242681E+06   0.241537E+06  -0.545181E-02   0.115586E+06   0.115571E+06   0.885850E-02
   0.563263E+00   0.242549E+06   0.222557E+06   0.192040E-01  -0.215660E-01   0.109409E+04   0.238066E+06   0.239193E+06   0.238066E+06  -0.537345E-02   0.113925E+06   0.113910E+06   0.864734E-02
   0.578426E+00   0.232717E+06   0.213536E+06   0.174720E-01  -0.196212E-01   0.999726E+03   0.228415E+06   0.229496E+06   0.228415E+06  -0.515561E-02   0.109306E+06   0.109292E+06   0.807738E-02
   0.613471E+00   0.212161E+06   0.194674E+06   0.141606E-01  -0.159027E-01   0.817685E+03   0.208238E+06   0.209225E+06   0.208238E+06  -0.470021E-02   0.996513E+05   0.996385E+05   0.695823E-02
   0.650640E+00   0.193375E+06   0.177437E+06   0.114742E-01  -0.128860E-01   0.668251E+03   0.189800E+06   0.190699E+06   0.189800E+06  -0.428402E-02   0.908277E+05   0.908160E+05   0.598482E-02
   0.908042E+00   0.113349E+06   0.104007E+06   0.345296E-02  -0.387808E-02   0.209059E+03   0.111253E+06   0.111781E+06   0.111253E+06  -0.251111E-02   0.532396E+05   0.532327E+05   0.254402E-02
   0.126727E+01   0.656117E+05   0.602039E+05   0.102616E-02  -0.115254E-02   0.637335E+02   0.643978E+05   0.647037E+05   0.643978E+05  -0.145354E-02   0.308175E+05   0.308134E+05   0.108018E-02
   0.176862E+01   0.375710E+05   0.344741E+05   0.301678E-03  -0.338846E-03   0.190378E+02   0.368758E+05   0.370510E+05   0.368758E+05  -0.832333E-03   0.176469E+05   0.176444E+05   0.463416E-03
   0.246831E+01   0.213156E+05   0.195584E+05   0.878704E-04  -0.987010E-04   0.559710E+01   0.209211E+05   0.210206E+05   0.209211E+05  -0.472217E-03   0.100118E+05   0.100103E+05   0.204468E-03
