#           k/h    P           
   0.100000E-03   0.546875E+03
   0.102020E-03   0.557471E+03
   0.104081E-03   0.568272E+03
   0.106184E-03   0.579283E+03
   0.108329E-03   0.590506E+03
   0.110517E-03   0.601946E+03
   0.112750E-03   0.613608E+03
   0.115027E-03   0.625495E+03
   0.117351E-03   0.637612E+03
   0.119722E-03   0.649964E+03
   0.122140E-03   0.662555E+03
   0.124608E-03   0.675389E+03
   0.127125E-03   0.688471E+03
   0.129693E-03   0.701806E+03
   0.132313E-03   0.715400E+03
   0.134986E-03   0.729255E+03
   0.137713E-03   0.743379E+03
   0.140495E-03   0.757776E+03
   0.143333E-03   0.772451E+03
   0.146228E-03   0.787410E+03
   0.149182E-03   0.802657E+03
   0.152196E-03   0.818199E+03
   0.155271E-03   0.834042E+03
   0.158407E-03   0.850190E+03
   0.161607E-03   0.866651E+03
   0.164872E-03   0.883429E+03
   0.168203E-03   0.900531E+03
   0.171601E-03   0.917963E+03
   0.175067E-03   0.935731E+03
   0.178604E-03   0.953842E+03
   0.182212E-03   0.972303E+03
   0.185893E-03   0.991120E+03
   0.189648E-03   0.101030E+04
   0.193479E-03   0.102985E+04
   0.197388E-03   0.104977E+04
   0.201375E-03   0.107009E+04
   0.205443E-03   0.109079E+04
   0.209594E-03   0.111189E+04
   0.213828E-03   0.113339E+04
   0.218147E-03   0.115531E+04
   0.222554E-03   0.117766E+04
   0.227050E-03   0.120043E+04
   0.231637E-03   0.122364E+04
   0.236316E-03   0.124730E+04
   0.241090E-03   0.127141E+04
   0.245960E-03   0.129598E+04
   0.250929E-03   0.132103E+04
   0.255998E-03   0.134656E+04
   0.261170E-03   0.137258E+04
   0.266446E-03   0.139909E+04
   0.271828E-03   0.142612E+04
   0.277319E-03   0.145367E+04
   0.282922E-03   0.148174E+04
   0.288637E-03   0.151035E+04
   0.294468E-03   0.153951E+04
   0.300417E-03   0.156922E+04
   0.306485E-03   0.159951E+04
   0.312677E-03   0.163037E+04
   0.318993E-03   0.166182E+04
   0.325437E-03   0.169388E+04
   0.332012E-03   0.172655E+04
   0.338719E-03   0.175984E+04
   0.345561E-03   0.179376E+04
   0.352542E-03   0.182833E+04
   0.359664E-03   0.186356E+04
   0.366930E-03   0.189946E+04
   0.374342E-03   0.193604E+04
   0.381904E-03   0.197332E+04
   0.389619E-03   0.201131E+04
   0.397490E-03   0.205001E+04
   0.405520E-03   0.208946E+04
   0.413712E-03   0.212964E+04
   0.422070E-03   0.217059E+04
   0.430596E-03   0.221232E+04
   0.439295E-03   0.225483E+04
   0.448169E-03   0.229815E+04
   0.457222E-03   0.234228E+04
   0.466459E-03   0.238724E+04
   0.475882E-03   0.243305E+04
   0.485496E-03   0.247973E+04
   0.495303E-03   0.252727E+04
   0.505309E-03   0.257572E+04
   0.515517E-03   0.262507E+04
   0.525931E-03   0.267534E+04
   0.536556E-03   0.272655E+04
   0.547395E-03   0.277873E+04
   0.558453E-03   0.283187E+04
   0.569734E-03   0.288601E+04
   0.581244E-03   0.294115E+04
   0.592986E-03   0.299732E+04
   0.604965E-03   0.305453E+04
   0.617186E-03   0.311280E+04
   0.629654E-03   0.317214E+04
   0.642374E-03   0.323259E+04
   0.655350E-03   0.329415E+04
   0.668589E-03   0.335684E+04
   0.682096E-03   0.342069E+04
   0.695875E-03   0.348570E+04
   0.709933E-03   0.355191E+04
   0.724274E-03   0.361933E+04
   0.738906E-03   0.368798E+04
   0.753832E-03   0.375789E+04
   0.769061E-03   0.382906E+04
   0.784597E-03   0.390152E+04
   0.800447E-03   0.397530E+04
   0.816617E-03   0.405041E+04
   0.833114E-03   0.412687E+04
   0.849944E-03   0.420471E+04
   0.867114E-03   0.428395E+04
   0.884631E-03   0.436461E+04
   0.902501E-03   0.444670E+04
   0.920733E-03   0.453026E+04
   0.939333E-03   0.461531E+04
   0.958309E-03   0.470186E+04
   0.977668E-03   0.478994E+04
   0.997418E-03   0.487958E+04
   0.101757E-02   0.497079E+04
   0.103812E-02   0.506359E+04
   0.105910E-02   0.515802E+04
   0.108049E-02   0.525409E+04
   0.110232E-02   0.535183E+04
   0.112459E-02   0.545126E+04
   0.114730E-02   0.555240E+04
   0.117048E-02   0.565528E+04
   0.119413E-02   0.575991E+04
   0.121825E-02   0.586633E+04
   0.124286E-02   0.597455E+04
   0.126797E-02   0.608461E+04
   0.129358E-02   0.619651E+04
   0.131971E-02   0.631029E+04
   0.134637E-02   0.642597E+04
   0.137357E-02   0.654357E+04
   0.140132E-02   0.666311E+04
   0.142963E-02   0.678462E+04
   0.145851E-02   0.690811E+04
   0.148797E-02   0.703362E+04
   0.151803E-02   0.716116E+04
   0.154870E-02   0.729075E+04
   0.157998E-02   0.742241E+04
   0.161190E-02   0.755617E+04
   0.164446E-02   0.769204E+04
   0.167768E-02   0.783006E+04
   0.171158E-02   0.797022E+04
   0.174615E-02   0.811256E+04
   0.178143E-02   0.825710E+04
   0.181741E-02   0.840385E+04
   0.185413E-02   0.855282E+04
   0.189158E-02   0.870404E+04
   0.192980E-02   0.885753E+04
   0.196878E-02   0.901329E+04
   0.200855E-02   0.917135E+04
   0.204913E-02   0.933171E+04
   0.209052E-02   0.949439E+04
   0.213276E-02   0.965941E+04
   0.217584E-02   0.982677E+04
   0.221979E-02   0.999648E+04
   0.226464E-02   0.101686E+05
   0.231039E-02   0.103430E+05
   0.235706E-02   0.105198E+05
   0.240467E-02   0.106991E+05
   0.245325E-02   0.108807E+05
   0.250281E-02   0.110647E+05
   0.255337E-02   0.112511E+05
   0.260495E-02   0.114399E+05
   0.265758E-02   0.116311E+05
   0.271126E-02   0.118247E+05
   0.276603E-02   0.120207E+05
   0.282191E-02   0.122191E+05
   0.287892E-02   0.124199E+05
   0.293708E-02   0.126231E+05
   0.299641E-02   0.128286E+05
   0.305694E-02   0.130365E+05
   0.311870E-02   0.132467E+05
   0.318170E-02   0.134592E+05
   0.324597E-02   0.136741E+05
   0.331155E-02   0.138912E+05
   0.337844E-02   0.141107E+05
   0.344669E-02   0.143323E+05
   0.351632E-02   0.145562E+05
   0.358735E-02   0.147823E+05
   0.365982E-02   0.150105E+05
   0.373376E-02   0.152408E+05
   0.380918E-02   0.154733E+05
   0.388613E-02   0.157078E+05
   0.396464E-02   0.159443E+05
   0.404473E-02   0.161827E+05
   0.412644E-02   0.164231E+05
   0.420980E-02   0.166653E+05
   0.429484E-02   0.169093E+05
   0.438160E-02   0.171551E+05
   0.447012E-02   0.174025E+05
   0.456042E-02   0.176516E+05
   0.465255E-02   0.179022E+05
   0.474653E-02   0.181544E+05
   0.484242E-02   0.184079E+05
   0.494024E-02   0.186627E+05
   0.504004E-02   0.189188E+05
   0.514186E-02   0.191760E+05
   0.524573E-02   0.194343E+05
   0.535170E-02   0.196935E+05
   0.545981E-02   0.199535E+05
   0.557011E-02   0.202144E+05
   0.568263E-02   0.204759E+05
   0.579743E-02   0.207380E+05
   0.591455E-02   0.210006E+05
   0.603403E-02   0.212635E+05
   0.615592E-02   0.215265E+05
   0.628028E-02   0.217896E+05
   0.640715E-02   0.220524E+05
   0.653658E-02   0.223149E+05
   0.666863E-02   0.225769E+05
   0.680335E-02   0.228383E+05
   0.694078E-02   0.230990E+05
   0.708100E-02   0.233587E+05
   0.722404E-02   0.236173E+05
   0.736998E-02   0.238747E+05
   0.751886E-02   0.241307E+05
   0.767075E-02   0.243850E+05
   0.782571E-02   0.246374E+05
   0.798380E-02   0.248878E+05
   0.814509E-02   0.251359E+05
   0.830963E-02   0.253816E+05
   0.847750E-02   0.256245E+05
   0.864875E-02   0.258646E+05
   0.882347E-02   0.261015E+05
   0.900171E-02   0.263350E+05
   0.918356E-02   0.265648E+05
   0.936908E-02   0.267908E+05
   0.955835E-02   0.270126E+05
   0.975144E-02   0.272300E+05
   0.994843E-02   0.274428E+05
   0.101494E-01   0.276506E+05
   0.103544E-01   0.278532E+05
   0.105636E-01   0.280502E+05
   0.107770E-01   0.282415E+05
   0.109947E-01   0.284266E+05
   0.112168E-01   0.286053E+05
   0.114434E-01   0.287771E+05
   0.116746E-01   0.289419E+05
   0.119104E-01   0.290992E+05
   0.121510E-01   0.292488E+05
   0.123965E-01   0.293906E+05
   0.126469E-01   0.295242E+05
   0.129024E-01   0.296495E+05
   0.131631E-01   0.297660E+05
   0.134290E-01   0.298730E+05
   0.137003E-01   0.299698E+05
   0.139770E-01   0.300557E+05
   0.142594E-01   0.301301E+05
   0.145474E-01   0.301932E+05
   0.148413E-01   0.302460E+05
   0.151411E-01   0.302896E+05
   0.154470E-01   0.303250E+05
   0.157590E-01   0.303531E+05
   0.160774E-01   0.303732E+05
   0.164022E-01   0.303829E+05
   0.167335E-01   0.303799E+05
   0.170716E-01   0.303618E+05
   0.174164E-01   0.303266E+05
   0.177683E-01   0.302741E+05
   0.181272E-01   0.302056E+05
   0.184934E-01   0.301223E+05
   0.188670E-01   0.300256E+05
   0.192481E-01   0.299167E+05
   0.196370E-01   0.297949E+05
   0.200337E-01   0.296588E+05
   0.204384E-01   0.295070E+05
   0.208513E-01   0.293381E+05
   0.212725E-01   0.291510E+05
   0.217022E-01   0.289464E+05
   0.221406E-01   0.287260E+05
   0.225879E-01   0.284914E+05
   0.230442E-01   0.282442E+05
   0.235097E-01   0.279858E+05
   0.239847E-01   0.277170E+05
   0.244692E-01   0.274378E+05
   0.249635E-01   0.271486E+05
   0.254678E-01   0.268495E+05
   0.259823E-01   0.265408E+05
   0.265072E-01   0.262221E+05
   0.270426E-01   0.258929E+05
   0.275889E-01   0.255526E+05
   0.281463E-01   0.252010E+05
   0.287149E-01   0.248378E+05
   0.292949E-01   0.244648E+05
   0.298867E-01   0.240838E+05
   0.304905E-01   0.236968E+05
   0.311064E-01   0.233056E+05
   0.317348E-01   0.229119E+05
   0.323759E-01   0.225164E+05
   0.330299E-01   0.221199E+05
   0.336972E-01   0.217230E+05
   0.343779E-01   0.213262E+05
   0.350724E-01   0.209304E+05
   0.357809E-01   0.205367E+05
   0.365038E-01   0.201467E+05
   0.372412E-01   0.197614E+05
   0.379935E-01   0.193821E+05
   0.387610E-01   0.190097E+05
   0.395440E-01   0.186448E+05
   0.403429E-01   0.182880E+05
   0.411579E-01   0.179396E+05
   0.419893E-01   0.176000E+05
   0.428375E-01   0.172699E+05
   0.437029E-01   0.169503E+05
   0.445858E-01   0.166425E+05
   0.454865E-01   0.163476E+05
   0.464053E-01   0.160665E+05
   0.473428E-01   0.157995E+05
   0.482992E-01   0.155453E+05
   0.492749E-01   0.153028E+05
   0.502703E-01   0.150709E+05
   0.512858E-01   0.148487E+05
   0.523219E-01   0.146350E+05
   0.533789E-01   0.144289E+05
   0.544572E-01   0.142294E+05
   0.555573E-01   0.140356E+05
   0.566796E-01   0.138462E+05
   0.578246E-01   0.136601E+05
   0.589927E-01   0.134760E+05
   0.601845E-01   0.132926E+05
   0.614003E-01   0.131080E+05
   0.626407E-01   0.129202E+05
   0.639061E-01   0.127275E+05
   0.651971E-01   0.125273E+05
   0.665142E-01   0.123168E+05
   0.678578E-01   0.120937E+05
   0.692287E-01   0.118585E+05
   0.706272E-01   0.116134E+05
   0.720539E-01   0.113607E+05
   0.735095E-01   0.110985E+05
   0.749945E-01   0.108224E+05
   0.765095E-01   0.105290E+05
   0.780551E-01   0.102210E+05
   0.796319E-01   0.990410E+04
   0.812406E-01   0.958296E+04
   0.828817E-01   0.926010E+04
   0.845561E-01   0.893738E+04
   0.862642E-01   0.861727E+04
   0.880068E-01   0.830286E+04
   0.897847E-01   0.799702E+04
   0.915985E-01   0.770269E+04
   0.934489E-01   0.742248E+04
   0.953367E-01   0.715869E+04
   0.972626E-01   0.691354E+04
   0.992274E-01   0.668896E+04
   0.101232E+00   0.648587E+04
   0.103277E+00   0.630424E+04
   0.105363E+00   0.614372E+04
   0.107492E+00   0.600219E+04
   0.109663E+00   0.587699E+04
   0.111879E+00   0.576487E+04
   0.114139E+00   0.566167E+04
   0.116445E+00   0.556334E+04
   0.118797E+00   0.546567E+04
   0.121197E+00   0.536469E+04
   0.123645E+00   0.525696E+04
   0.126143E+00   0.513953E+04
   0.128691E+00   0.501047E+04
   0.131291E+00   0.486868E+04
   0.133943E+00   0.471435E+04
   0.136649E+00   0.454872E+04
   0.139409E+00   0.437419E+04
   0.142226E+00   0.419399E+04
   0.145099E+00   0.401220E+04
   0.148030E+00   0.383318E+04
   0.151020E+00   0.366167E+04
   0.154071E+00   0.350197E+04
   0.157184E+00   0.335763E+04
   0.160359E+00   0.323069E+04
   0.163598E+00   0.312150E+04
   0.166903E+00   0.302854E+04
   0.170275E+00   0.294908E+04
   0.173715E+00   0.287953E+04
   0.177224E+00   0.281595E+04
   0.180804E+00   0.275422E+04
   0.184457E+00   0.269005E+04
   0.188183E+00   0.261958E+04
   0.191985E+00   0.254013E+04
   0.195863E+00   0.245110E+04
   0.199820E+00   0.235422E+04
   0.203856E+00   0.225279E+04
   0.207974E+00   0.215074E+04
   0.212176E+00   0.205191E+04
   0.216462E+00   0.195979E+04
   0.220835E+00   0.187714E+04
   0.225296E+00   0.180543E+04
   0.229847E+00   0.174436E+04
   0.234490E+00   0.169188E+04
   0.239227E+00   0.164477E+04
   0.244060E+00   0.159947E+04
   0.248990E+00   0.155264E+04
   0.254020E+00   0.150183E+04
   0.259152E+00   0.144623E+04
   0.264387E+00   0.138689E+04
   0.269728E+00   0.132614E+04
   0.275177E+00   0.126675E+04
   0.280736E+00   0.121127E+04
   0.286407E+00   0.116144E+04
   0.292193E+00   0.111773E+04
   0.298096E+00   0.107915E+04
   0.304118E+00   0.104370E+04
   0.310261E+00   0.100910E+04
   0.316529E+00   0.973522E+03
   0.322923E+00   0.936158E+03
   0.329447E+00   0.897435E+03
   0.336102E+00   0.858737E+03
   0.342892E+00   0.821706E+03
   0.349819E+00   0.787560E+03
   0.356885E+00   0.756638E+03
   0.364095E+00   0.728368E+03
   0.371450E+00   0.701634E+03
   0.378954E+00   0.675295E+03
   0.386609E+00   0.648653E+03
   0.394419E+00   0.621774E+03
   0.402387E+00   0.595399E+03
   0.410516E+00   0.570296E+03
   0.418809E+00   0.546871E+03
   0.427269E+00   0.525110E+03
   0.435901E+00   0.504480E+03
   0.444706E+00   0.484385E+03
   0.453690E+00   0.464571E+03
   0.462855E+00   0.445073E+03
   0.472206E+00   0.426256E+03
   0.481745E+00   0.408429E+03
   0.491477E+00   0.391583E+03
   0.501405E+00   0.375548E+03
   0.511534E+00   0.360047E+03
   0.521868E+00   0.344946E+03
   0.532411E+00   0.330330E+03
   0.543166E+00   0.316310E+03
   0.554139E+00   0.302975E+03
   0.565333E+00   0.290233E+03
   0.576753E+00   0.277986E+03
   0.588404E+00   0.266168E+03
   0.600291E+00   0.254784E+03
   0.612418E+00   0.243858E+03
   0.624789E+00   0.233403E+03
   0.637411E+00   0.223395E+03
   0.650288E+00   0.213802E+03
   0.663424E+00   0.204597E+03
   0.676826E+00   0.195764E+03
   0.690499E+00   0.187289E+03
   0.704448E+00   0.179159E+03
   0.718679E+00   0.171361E+03
   0.733197E+00   0.163884E+03
   0.748009E+00   0.156715E+03
   0.763119E+00   0.149844E+03
   0.778536E+00   0.143258E+03
   0.794263E+00   0.136947E+03
   0.810308E+00   0.130901E+03
   0.826677E+00   0.125109E+03
   0.843378E+00   0.119562E+03
   0.860415E+00   0.114251E+03
   0.877797E+00   0.109165E+03
   0.895529E+00   0.104296E+03
   0.913620E+00   0.996356E+02
   0.932076E+00   0.951756E+02
   0.950906E+00   0.909075E+02
   0.970115E+00   0.868237E+02
   0.989713E+00   0.829165E+02
   0.100971E+01   0.791785E+02
   0.103010E+01   0.756030E+02
   0.105091E+01   0.721830E+02
   0.107214E+01   0.689122E+02
   0.109380E+01   0.657844E+02
   0.111590E+01   0.627936E+02
   0.113844E+01   0.599340E+02
   0.116144E+01   0.572002E+02
   0.118490E+01   0.545868E+02
   0.120884E+01   0.520888E+02
   0.123326E+01   0.497013E+02
   0.125817E+01   0.474197E+02
   0.128359E+01   0.452394E+02
   0.130952E+01   0.431560E+02
   0.133597E+01   0.411655E+02
   0.136296E+01   0.392638E+02
   0.139049E+01   0.374471E+02
   0.141858E+01   0.357117E+02
   0.144724E+01   0.340541E+02
   0.147648E+01   0.324710E+02
   0.150630E+01   0.309590E+02
   0.153673E+01   0.295151E+02
   0.156778E+01   0.281363E+02
   0.159945E+01   0.268198E+02
   0.163176E+01   0.255629E+02
   0.166472E+01   0.243629E+02
   0.169835E+01   0.232174E+02
   0.173266E+01   0.221240E+02
   0.176766E+01   0.210804E+02
   0.180337E+01   0.200843E+02
   0.183980E+01   0.191339E+02
   0.187697E+01   0.182272E+02
   0.191489E+01   0.173622E+02
   0.195357E+01   0.165373E+02
   0.199304E+01   0.157507E+02
   0.203330E+01   0.150007E+02
   0.207437E+01   0.142857E+02
   0.211628E+01   0.136043E+02
   0.215903E+01   0.129548E+02
   0.220265E+01   0.123360E+02
   0.224714E+01   0.117464E+02
   0.229254E+01   0.111847E+02
   0.233885E+01   0.106497E+02
   0.238610E+01   0.101401E+02
   0.243430E+01   0.965487E+01
