#          k/h    CDM            baryon         photon         nu             mass_nu        total          no_nu          total_de       Weyl           v_CDM          v_b            v_b-v_c     
   0.101953E-04   0.206117E+08   0.194776E+08   0.259567E+08   0.259563E+08   0.194798E+08   0.204168E+08   0.204212E+08   0.204237E+08  -0.461250E+00   0.987988E+07   0.987988E+07   0.576464E+01
   0.112570E-04   0.206117E+08   0.194776E+08   0.259537E+08   0.259532E+08   0.194798E+08   0.204168E+08   0.204212E+08   0.204237E+08  -0.461250E+00   0.987988E+07   0.987988E+07   0.636478E+01
   0.124294E-04   0.206116E+08   0.194776E+08   0.259501E+08   0.259495E+08   0.194798E+08   0.204168E+08   0.204212E+08   0.204237E+08  -0.461249E+00   0.987987E+07   0.987987E+07   0.702735E+01
   0.137238E-04   0.206116E+08   0.194776E+08   0.259457E+08   0.259450E+08   0.194797E+08   0.204168E+08   0.204212E+08   0.204237E+08  -0.461249E+00   0.987987E+07   0.987987E+07   0.775884E+01
   0.151530E-04   0.206116E+08   0.194776E+08   0.259404E+08   0.259395E+08   0.194797E+08   0.204168E+08   0.204212E+08   0.204237E+08  -0.461249E+00   0.987986E+07   0.987986E+07   0.856639E+01
   0.167310E-04   0.206116E+08   0.194776E+08   0.259338E+08   0.259328E+08   0.194797E+08   0.204168E+08   0.204212E+08   0.204237E+08  -0.461248E+00   0.987986E+07   0.987986E+07   0.945787E+01
   0.184734E-04   0.206116E+08   0.194776E+08   0.259259E+08   0.259246E+08   0.194797E+08   0.204167E+08   0.204212E+08   0.204237E+08  -0.461248E+00   0.987985E+07   0.987985E+07   0.104420E+02
   0.203972E-04   0.206116E+08   0.194775E+08   0.259162E+08   0.259146E+08   0.194796E+08   0.204167E+08   0.204212E+08   0.204236E+08  -0.461248E+00   0.987984E+07   0.987984E+07   0.115283E+02
   0.225214E-04   0.206116E+08   0.194775E+08   0.259044E+08   0.259025E+08   0.194796E+08   0.204167E+08   0.204212E+08   0.204236E+08  -0.461247E+00   0.987983E+07   0.987983E+07   0.127273E+02
   0.248668E-04   0.206115E+08   0.194775E+08   0.258900E+08   0.258876E+08   0.194795E+08   0.204167E+08   0.204211E+08   0.204236E+08  -0.461246E+00   0.987982E+07   0.987982E+07   0.140507E+02
   0.274565E-04   0.206115E+08   0.194775E+08   0.258724E+08   0.258696E+08   0.194794E+08   0.204166E+08   0.204211E+08   0.204235E+08  -0.461245E+00   0.987980E+07   0.987980E+07   0.155112E+02
   0.303158E-04   0.206115E+08   0.194774E+08   0.258510E+08   0.258476E+08   0.194793E+08   0.204166E+08   0.204211E+08   0.204235E+08  -0.461244E+00   0.987978E+07   0.987978E+07   0.171228E+02
   0.334729E-04   0.206114E+08   0.194774E+08   0.258250E+08   0.258208E+08   0.194792E+08   0.204165E+08   0.204210E+08   0.204234E+08  -0.461243E+00   0.987976E+07   0.987975E+07   0.189009E+02
   0.369589E-04   0.206114E+08   0.194773E+08   0.257933E+08   0.257881E+08   0.194790E+08   0.204165E+08   0.204209E+08   0.204234E+08  -0.461241E+00   0.987973E+07   0.987972E+07   0.208625E+02
   0.408078E-04   0.206113E+08   0.194772E+08   0.257547E+08   0.257484E+08   0.194789E+08   0.204164E+08   0.204209E+08   0.204233E+08  -0.461239E+00   0.987969E+07   0.987969E+07   0.230261E+02
   0.450575E-04   0.206112E+08   0.194772E+08   0.257077E+08   0.257000E+08   0.194786E+08   0.204163E+08   0.204208E+08   0.204232E+08  -0.461236E+00   0.987965E+07   0.987964E+07   0.254118E+02
   0.497499E-04   0.206111E+08   0.194770E+08   0.256505E+08   0.256412E+08   0.194784E+08   0.204162E+08   0.204207E+08   0.204231E+08  -0.461233E+00   0.987959E+07   0.987959E+07   0.280417E+02
   0.549309E-04   0.206110E+08   0.194769E+08   0.255809E+08   0.255696E+08   0.194781E+08   0.204161E+08   0.204205E+08   0.204229E+08  -0.461229E+00   0.987953E+07   0.987952E+07   0.309399E+02
   0.606514E-04   0.206108E+08   0.194768E+08   0.254963E+08   0.254826E+08   0.194777E+08   0.204159E+08   0.204204E+08   0.204227E+08  -0.461225E+00   0.987945E+07   0.987944E+07   0.341322E+02
   0.669677E-04   0.206106E+08   0.194766E+08   0.253935E+08   0.253769E+08   0.194772E+08   0.204157E+08   0.204202E+08   0.204225E+08  -0.461219E+00   0.987935E+07   0.987934E+07   0.376468E+02
   0.739418E-04   0.206104E+08   0.194763E+08   0.252688E+08   0.252485E+08   0.194766E+08   0.204155E+08   0.204199E+08   0.204222E+08  -0.461212E+00   0.987923E+07   0.987922E+07   0.415136E+02
   0.816422E-04   0.206101E+08   0.194760E+08   0.251174E+08   0.250929E+08   0.194759E+08   0.204152E+08   0.204197E+08   0.204219E+08  -0.461204E+00   0.987909E+07   0.987908E+07   0.457647E+02
   0.901444E-04   0.206097E+08   0.194757E+08   0.249340E+08   0.249043E+08   0.194750E+08   0.204148E+08   0.204193E+08   0.204215E+08  -0.461194E+00   0.987892E+07   0.987890E+07   0.504337E+02
   0.995322E-04   0.206093E+08   0.194753E+08   0.247121E+08   0.246761E+08   0.194740E+08   0.204144E+08   0.204189E+08   0.204210E+08  -0.461182E+00   0.987870E+07   0.987868E+07   0.555558E+02
   0.109898E-03   0.206087E+08   0.194748E+08   0.244441E+08   0.244006E+08   0.194727E+08   0.204139E+08   0.204183E+08   0.204204E+08  -0.461167E+00   0.987844E+07   0.987842E+07   0.611669E+02
   0.121342E-03   0.206081E+08   0.194741E+08   0.241209E+08   0.240684E+08   0.194711E+08   0.204132E+08   0.204177E+08   0.204197E+08  -0.461148E+00   0.987813E+07   0.987810E+07   0.673031E+02
   0.133979E-03   0.206073E+08   0.194734E+08   0.237323E+08   0.236691E+08   0.194692E+08   0.204124E+08   0.204169E+08   0.204188E+08  -0.461126E+00   0.987774E+07   0.987771E+07   0.739992E+02
   0.147932E-03   0.206064E+08   0.194725E+08   0.232663E+08   0.231905E+08   0.194668E+08   0.204115E+08   0.204160E+08   0.204177E+08  -0.461099E+00   0.987727E+07   0.987724E+07   0.812872E+02
   0.163338E-03   0.206052E+08   0.194713E+08   0.227097E+08   0.226190E+08   0.194640E+08   0.204103E+08   0.204148E+08   0.204164E+08  -0.461067E+00   0.987670E+07   0.987666E+07   0.891941E+02
   0.180348E-03   0.206038E+08   0.194700E+08   0.220478E+08   0.219398E+08   0.194606E+08   0.204089E+08   0.204134E+08   0.204148E+08  -0.461027E+00   0.987601E+07   0.987596E+07   0.977386E+02
   0.199129E-03   0.206021E+08   0.194683E+08   0.212651E+08   0.211371E+08   0.194563E+08   0.204072E+08   0.204117E+08   0.204129E+08  -0.460979E+00   0.987517E+07   0.987511E+07   0.106928E+03
   0.219867E-03   0.206000E+08   0.194663E+08   0.203457E+08   0.201950E+08   0.194512E+08   0.204051E+08   0.204097E+08   0.204105E+08  -0.460922E+00   0.987415E+07   0.987407E+07   0.116751E+03
   0.242764E-03   0.205975E+08   0.194638E+08   0.192750E+08   0.190990E+08   0.194450E+08   0.204026E+08   0.204072E+08   0.204077E+08  -0.460852E+00   0.987291E+07   0.987282E+07   0.127175E+03
   0.268045E-03   0.205945E+08   0.194609E+08   0.180407E+08   0.178372E+08   0.194375E+08   0.203995E+08   0.204041E+08   0.204043E+08  -0.460768E+00   0.987141E+07   0.987130E+07   0.138136E+03
   0.295960E-03   0.205908E+08   0.194573E+08   0.166362E+08   0.164036E+08   0.194283E+08   0.203958E+08   0.204004E+08   0.204003E+08  -0.460668E+00   0.986960E+07   0.986946E+07   0.149530E+03
   0.326781E-03   0.205863E+08   0.194529E+08   0.150631E+08   0.148012E+08   0.194172E+08   0.203914E+08   0.203960E+08   0.203954E+08  -0.460547E+00   0.986740E+07   0.986724E+07   0.161204E+03
   0.360813E-03   0.205809E+08   0.194477E+08   0.133357E+08   0.130463E+08   0.194037E+08   0.203860E+08   0.203907E+08   0.203895E+08  -0.460403E+00   0.986476E+07   0.986457E+07   0.172949E+03
   0.398388E-03   0.205745E+08   0.194414E+08   0.114856E+08   0.111730E+08   0.193874E+08   0.203795E+08   0.203842E+08   0.203826E+08  -0.460233E+00   0.986157E+07   0.986135E+07   0.184490E+03
   0.439877E-03   0.205667E+08   0.194339E+08   0.956507E+07   0.923710E+07   0.193677E+08   0.203717E+08   0.203765E+08   0.203743E+08  -0.460030E+00   0.985775E+07   0.985749E+07   0.195483E+03
   0.485686E-03   0.205574E+08   0.194249E+08   0.764960E+07   0.731797E+07   0.193439E+08   0.203624E+08   0.203673E+08   0.203644E+08  -0.459792E+00   0.985317E+07   0.985287E+07   0.205522E+03
   0.536265E-03   0.205463E+08   0.194142E+08   0.583491E+07   0.551511E+07   0.193153E+08   0.203513E+08   0.203562E+08   0.203528E+08  -0.459513E+00   0.984771E+07   0.984737E+07   0.214153E+03
   0.592113E-03   0.205331E+08   0.194014E+08   0.422744E+07   0.393758E+07   0.192809E+08   0.203381E+08   0.203431E+08   0.203392E+08  -0.459187E+00   0.984122E+07   0.984083E+07   0.220901E+03
   0.653776E-03   0.205175E+08   0.193863E+08   0.292523E+07   0.268340E+07   0.192396E+08   0.203224E+08   0.203275E+08   0.203231E+08  -0.458807E+00   0.983353E+07   0.983309E+07   0.225324E+03
   0.721861E-03   0.204990E+08   0.193686E+08   0.199020E+07   0.181029E+07   0.191902E+08   0.203039E+08   0.203092E+08   0.203044E+08  -0.458367E+00   0.982446E+07   0.982397E+07   0.227057E+03
   0.797036E-03   0.204773E+08   0.193477E+08   0.141884E+07   0.130557E+07   0.191314E+08   0.202821E+08   0.202876E+08   0.202825E+08  -0.457858E+00   0.981382E+07   0.981328E+07   0.225882E+03
   0.880040E-03   0.204518E+08   0.193233E+08   0.112675E+07   0.107174E+07   0.190615E+08   0.202566E+08   0.202623E+08   0.202569E+08  -0.457269E+00   0.980137E+07   0.980079E+07   0.221758E+03
   0.971688E-03   0.204221E+08   0.192949E+08   0.967643E+06   0.949692E+06   0.189787E+08   0.202269E+08   0.202328E+08   0.202271E+08  -0.456588E+00   0.978687E+07   0.978625E+07   0.214820E+03
   0.107288E-02   0.203875E+08   0.192619E+08   0.797838E+06   0.789616E+06   0.188810E+08   0.201922E+08   0.201985E+08   0.201925E+08  -0.455799E+00   0.977004E+07   0.976938E+07   0.205340E+03
   0.118461E-02   0.203473E+08   0.192237E+08   0.561690E+06   0.541839E+06   0.187664E+08   0.201521E+08   0.201587E+08   0.201522E+08  -0.454887E+00   0.975056E+07   0.974987E+07   0.193654E+03
   0.130798E-02   0.203009E+08   0.191796E+08   0.326598E+06   0.289939E+06   0.186327E+08   0.201056E+08   0.201126E+08   0.201057E+08  -0.453833E+00   0.972805E+07   0.972734E+07   0.180139E+03
   0.144419E-02   0.202474E+08   0.191288E+08   0.198915E+06   0.155252E+06   0.184783E+08   0.200521E+08   0.200596E+08   0.200521E+08  -0.452620E+00   0.970212E+07   0.970140E+07   0.165265E+03
   0.159459E-02   0.201858E+08   0.190705E+08   0.174924E+06  -0.244550E+06   0.183010E+08   0.199905E+08   0.199985E+08   0.199905E+08  -0.451225E+00   0.967234E+07   0.967162E+07   0.149670E+03
   0.176065E-02   0.201151E+08   0.190037E+08   0.134331E+06  -0.199883E+06   0.180995E+08   0.199199E+08   0.199285E+08   0.199199E+08  -0.449629E+00   0.963819E+07   0.963748E+07   0.134140E+03
   0.194401E-02   0.200344E+08   0.189273E+08   0.453904E+05  -0.163291E+06   0.178722E+08   0.198391E+08   0.198485E+08   0.198391E+08  -0.447805E+00   0.959917E+07   0.959847E+07   0.119435E+03
   0.214646E-02   0.199423E+08   0.188403E+08   0.184544E+05  -0.133322E+06   0.176183E+08   0.197472E+08   0.197573E+08   0.197472E+08  -0.445727E+00   0.955472E+07   0.955404E+07   0.106140E+03
   0.236999E-02   0.198378E+08   0.187415E+08   0.347899E+05  -0.108784E+06   0.173373E+08   0.196427E+08   0.196537E+08   0.196427E+08  -0.443369E+00   0.950425E+07   0.950358E+07   0.946457E+02
   0.261681E-02   0.197194E+08   0.186295E+08   0.218896E+04  -0.886983E+05   0.170292E+08   0.195246E+08   0.195364E+08   0.195246E+08  -0.440701E+00   0.944716E+07   0.944649E+07   0.850437E+02
   0.288932E-02   0.195860E+08   0.185032E+08   0.272243E+04  -0.722639E+05   0.166937E+08   0.193914E+08   0.194042E+08   0.193914E+08  -0.437693E+00   0.938280E+07   0.938214E+07   0.770078E+02
   0.319022E-02   0.194361E+08   0.183613E+08  -0.290926E+04  -0.588227E+05   0.163304E+08   0.192418E+08   0.192556E+08   0.192418E+08  -0.434316E+00   0.931056E+07   0.930989E+07   0.699918E+02
   0.352245E-02   0.192684E+08   0.182026E+08  -0.823545E+04  -0.478351E+05   0.159386E+08   0.190745E+08   0.190895E+08   0.190745E+08  -0.430541E+00   0.922977E+07   0.922910E+07   0.634584E+02
   0.388929E-02   0.190816E+08   0.180257E+08  -0.137010E+05  -0.388584E+05   0.155169E+08   0.188882E+08   0.189043E+08   0.188882E+08  -0.426335E+00   0.913978E+07   0.913912E+07   0.571721E+02
   0.429432E-02   0.188742E+08   0.178294E+08  -0.463814E+04  -0.315294E+05   0.150641E+08   0.186815E+08   0.186987E+08   0.186815E+08  -0.421670E+00   0.903994E+07   0.903928E+07   0.512796E+02
   0.474153E-02   0.186448E+08   0.176123E+08  -0.717694E+04  -0.255498E+05   0.145807E+08   0.184530E+08   0.184715E+08   0.184530E+08  -0.416512E+00   0.892958E+07   0.892892E+07   0.460592E+02
   0.523532E-02   0.183921E+08   0.173730E+08  -0.927871E+04  -0.206751E+05   0.140666E+08   0.182014E+08   0.182210E+08   0.182014E+08  -0.410831E+00   0.880800E+07   0.880735E+07   0.415435E+02
   0.578053E-02   0.181147E+08   0.171102E+08  -0.596023E+04  -0.167046E+05   0.135212E+08   0.179251E+08   0.179460E+08   0.179251E+08  -0.404594E+00   0.867454E+07   0.867390E+07   0.374852E+02
   0.638252E-02   0.178115E+08   0.168230E+08  -0.614014E+04  -0.134743E+05   0.129139E+08   0.176231E+08   0.176455E+08   0.176231E+08  -0.397778E+00   0.852868E+07   0.852804E+07   0.337160E+02
   0.704720E-02   0.174801E+08   0.165090E+08  -0.466844E+04  -0.108480E+05   0.122924E+08   0.172932E+08   0.173170E+08   0.172932E+08  -0.390332E+00   0.836932E+07   0.836868E+07   0.303306E+02
   0.778110E-02   0.171195E+08   0.161672E+08  -0.483740E+04  -0.871574E+04   0.116442E+08   0.169344E+08   0.169596E+08   0.169344E+08  -0.382234E+00   0.819598E+07   0.819534E+07   0.273586E+02
   0.859144E-02   0.167282E+08   0.157963E+08  -0.428365E+04  -0.698672E+04   0.109783E+08   0.165453E+08   0.165718E+08   0.165453E+08  -0.373450E+00   0.800794E+07   0.800730E+07   0.246694E+02
   0.948616E-02   0.163050E+08   0.153949E+08  -0.308097E+04  -0.558674E+04   0.102954E+08   0.161244E+08   0.161521E+08   0.161244E+08  -0.363950E+00   0.780457E+07   0.780394E+07   0.222582E+02
   0.104741E-01   0.158483E+08   0.149617E+08  -0.283027E+04  -0.445495E+04   0.959492E+07   0.156706E+08   0.156995E+08   0.156706E+08  -0.353706E+00   0.758524E+07   0.758460E+07   0.201226E+02
   0.115648E-01   0.153570E+08   0.144955E+08  -0.231700E+04  -0.354151E+04   0.888207E+07   0.151824E+08   0.152123E+08   0.151824E+08  -0.342686E+00   0.734926E+07   0.734863E+07   0.182090E+02
   0.127692E-01   0.148295E+08   0.139948E+08  -0.166483E+04  -0.280567E+04   0.816583E+07   0.146585E+08   0.146894E+08   0.146585E+08  -0.330862E+00   0.709602E+07   0.709539E+07   0.165112E+02
   0.140990E-01   0.142650E+08   0.134588E+08  -0.160019E+04  -0.221417E+04   0.745127E+07   0.140980E+08   0.141296E+08   0.140980E+08  -0.318211E+00   0.682506E+07   0.682442E+07   0.149951E+02
   0.155673E-01   0.136627E+08   0.128868E+08  -0.142179E+04  -0.173984E+04   0.674126E+07   0.135002E+08   0.135324E+08   0.135002E+08  -0.304719E+00   0.653603E+07   0.653539E+07   0.136419E+02
   0.171885E-01   0.130358E+08   0.122912E+08  -0.968605E+03  -0.136190E+04   0.605162E+07   0.128783E+08   0.129108E+08   0.128783E+08  -0.290681E+00   0.623528E+07   0.623464E+07   0.124350E+02
   0.189785E-01   0.123617E+08   0.116508E+08  -0.875412E+03  -0.105954E+04   0.537633E+07   0.122098E+08   0.122423E+08   0.122098E+08  -0.275592E+00   0.591195E+07   0.591131E+07   0.113340E+02
   0.209549E-01   0.116537E+08   0.109781E+08  -0.523398E+03  -0.819472E+03   0.472789E+07   0.115080E+08   0.115402E+08   0.115080E+08  -0.259751E+00   0.557245E+07   0.557180E+07   0.103225E+02
   0.231372E-01   0.109065E+08   0.102685E+08  -0.445843E+03  -0.629207E+03   0.410929E+07   0.107677E+08   0.107994E+08   0.107677E+08  -0.243042E+00   0.521430E+07   0.521365E+07   0.937164E+01
   0.255467E-01   0.101449E+08   0.954545E+07  -0.358760E+03  -0.480157E+03   0.353424E+07   0.100135E+08   0.100443E+08   0.100135E+08  -0.226017E+00   0.484934E+07   0.484869E+07   0.846639E+01
   0.282072E-01   0.937760E+07   0.881748E+07  -0.250330E+03  -0.364123E+03   0.300710E+07   0.925385E+07   0.928355E+07   0.925385E+07  -0.208871E+00   0.448173E+07   0.448109E+07   0.758237E+01
   0.311447E-01   0.860561E+07   0.808604E+07  -0.215188E+03  -0.274132E+03   0.252869E+07   0.849002E+07   0.851837E+07   0.849002E+07  -0.191631E+00   0.411204E+07   0.411142E+07   0.669774E+01
   0.343881E-01   0.785637E+07   0.737744E+07  -0.141897E+03  -0.205316E+03   0.210586E+07   0.774912E+07   0.777595E+07   0.774912E+07  -0.174908E+00   0.375341E+07   0.375281E+07   0.580523E+01
   0.379694E-01   0.714797E+07   0.670917E+07  -0.110565E+03  -0.153255E+03   0.173998E+07   0.704905E+07   0.707429E+07   0.704905E+07  -0.159106E+00   0.341450E+07   0.341394E+07   0.490408E+01
   0.419235E-01   0.649996E+07   0.609996E+07  -0.828217E+02  -0.114338E+03   0.143049E+07   0.640913E+07   0.643280E+07   0.640913E+07  -0.144662E+00   0.310469E+07   0.310418E+07   0.400846E+01
   0.461159E-01   0.594505E+07   0.558049E+07   0.658588E+02  -0.864471E+02   0.118256E+07   0.586159E+07   0.588384E+07   0.586159E+07  -0.132304E+00   0.283959E+07   0.283915E+07   0.318010E+01
   0.503082E-01   0.550618E+07   0.517146E+07   0.512425E+02  -0.672956E+02   0.995217E+06   0.542889E+07   0.544998E+07   0.542889E+07  -0.122537E+00   0.263008E+07   0.262970E+07   0.248716E+01
   0.545006E-01   0.514843E+07   0.483910E+07   0.408193E+02  -0.536300E+02   0.849622E+06   0.507640E+07   0.509649E+07   0.507640E+07  -0.114581E+00   0.245939E+07   0.245907E+07   0.193363E+01
   0.586929E-01   0.484467E+07   0.455706E+07   0.331159E+02  -0.435251E+02   0.733120E+06   0.477715E+07   0.479638E+07   0.477715E+07  -0.107827E+00   0.231448E+07   0.231421E+07   0.151599E+01
   0.628853E-01   0.457460E+07   0.430571E+07   0.272364E+02  -0.358096E+02   0.637271E+06   0.451103E+07   0.452945E+07   0.451103E+07  -0.101820E+00   0.218561E+07   0.218538E+07   0.122195E+01
   0.670776E-01   0.432050E+07   0.406806E+07   0.226053E+02  -0.297303E+02   0.556029E+06   0.426050E+07   0.427811E+07   0.426050E+07  -0.961651E-01   0.206427E+07   0.206406E+07   0.103131E+01
   0.712700E-01   0.407100E+07   0.383341E+07   0.188643E+02  -0.248176E+02   0.485595E+06   0.401433E+07   0.403111E+07   0.401433E+07  -0.906087E-01   0.194504E+07   0.194485E+07   0.919495E+00
   0.754623E-01   0.382745E+07   0.360326E+07   0.158162E+02  -0.208138E+02   0.424416E+06   0.377388E+07   0.378981E+07   0.377388E+07  -0.851815E-01   0.182858E+07   0.182838E+07   0.861798E+00
   0.796547E-01   0.358279E+07   0.337130E+07   0.132842E+02  -0.174867E+02   0.370345E+06   0.353224E+07   0.354728E+07   0.353224E+07  -0.797274E-01   0.171153E+07   0.171133E+07   0.832842E+00
   0.838470E-01   0.334765E+07   0.314802E+07   0.111990E+02  -0.147459E+02   0.323406E+06   0.329997E+07   0.331413E+07   0.329997E+07  -0.744848E-01   0.159901E+07   0.159881E+07   0.813842E+00
   0.880394E-01   0.312814E+07   0.293960E+07   0.948912E+01  -0.124977E+02   0.283115E+06   0.308317E+07   0.309649E+07   0.308317E+07  -0.695913E-01   0.149399E+07   0.149378E+07   0.790606E+00
   0.932339E-01   0.288530E+07   0.270947E+07   0.780204E+01  -0.102785E+02   0.241610E+06   0.284340E+07   0.285578E+07   0.284340E+07  -0.641794E-01   0.137783E+07   0.137762E+07   0.744151E+00
   0.984284E-01   0.268085E+07   0.251656E+07   0.650294E+01  -0.856894E+01   0.208375E+06   0.264170E+07   0.265327E+07   0.264170E+07  -0.596266E-01   0.128011E+07   0.127991E+07   0.675097E+00
   0.103623E+00   0.251677E+07   0.236272E+07   0.550770E+01  -0.725870E+01   0.182122E+06   0.247998E+07   0.249091E+07   0.247998E+07  -0.559764E-01   0.120176E+07   0.120158E+07   0.589371E+00
   0.108817E+00   0.238797E+07   0.224288E+07   0.473885E+01  -0.624616E+01   0.161320E+06   0.235319E+07   0.236361E+07   0.235319E+07  -0.531146E-01   0.114033E+07   0.114017E+07   0.497998E+00
   0.114012E+00   0.228358E+07   0.214636E+07   0.412843E+01  -0.544205E+01   0.144384E+06   0.225053E+07   0.226054E+07   0.225053E+07  -0.507974E-01   0.109059E+07   0.109045E+07   0.412655E+00
   0.119207E+00   0.219146E+07   0.206124E+07   0.362438E+01  -0.477798E+01   0.129982E+06   0.215994E+07   0.216960E+07   0.215994E+07  -0.487528E-01   0.104670E+07   0.104658E+07   0.342425E+00
   0.124401E+00   0.210196E+07   0.197810E+07   0.319221E+01  -0.420860E+01   0.117204E+06   0.207187E+07   0.208116E+07   0.207187E+07  -0.467647E-01   0.100403E+07   0.100392E+07   0.291982E+00
   0.129596E+00   0.200934E+07   0.189136E+07   0.281175E+01  -0.370737E+01   0.105535E+06   0.198061E+07   0.198953E+07   0.198061E+07  -0.447050E-01   0.959813E+06   0.959712E+06   0.261236E+00
   0.134790E+00   0.191187E+07   0.179941E+07   0.247290E+01  -0.326096E+01   0.947576E+05   0.188447E+07   0.189298E+07   0.188447E+07  -0.425350E-01   0.913231E+06   0.913132E+06   0.246239E+00
   0.139985E+00   0.181120E+07   0.170398E+07   0.217172E+01  -0.286417E+01   0.848562E+05   0.178511E+07   0.179319E+07   0.178511E+07  -0.402923E-01   0.865086E+06   0.864985E+06   0.240879E+00
   0.145179E+00   0.171118E+07   0.160898E+07   0.190725E+01  -0.251571E+01   0.759065E+05   0.168636E+07   0.169402E+07   0.168636E+07  -0.380633E-01   0.817236E+06   0.817132E+06   0.238745E+00
   0.150374E+00   0.161660E+07   0.151917E+07   0.167921E+01  -0.221518E+01   0.680028E+05   0.159299E+07   0.160024E+07   0.159299E+07  -0.359558E-01   0.771993E+06   0.771887E+06   0.234680E+00
   0.155568E+00   0.153199E+07   0.143904E+07   0.148662E+01  -0.196133E+01   0.612022E+05   0.150949E+07   0.151638E+07   0.150949E+07  -0.340713E-01   0.731536E+06   0.731430E+06   0.225692E+00
   0.160763E+00   0.146015E+07   0.137132E+07   0.132672E+01  -0.175050E+01   0.554769E+05   0.143866E+07   0.144523E+07   0.143866E+07  -0.324724E-01   0.697210E+06   0.697108E+06   0.211118E+00
   0.165957E+00   0.140104E+07   0.131596E+07   0.119455E+01  -0.157620E+01   0.506939E+05   0.138043E+07   0.138675E+07   0.138043E+07  -0.311582E-01   0.668995E+06   0.668899E+06   0.192197E+00
   0.171152E+00   0.135216E+07   0.127049E+07   0.108400E+01  -0.143036E+01   0.466524E+05   0.133233E+07   0.133844E+07   0.133233E+07  -0.300725E-01   0.645686E+06   0.645598E+06   0.171310E+00
   0.176346E+00   0.130999E+07   0.123144E+07   0.989304E+00  -0.130543E+01   0.431491E+05   0.129087E+07   0.129680E+07   0.129087E+07  -0.291366E-01   0.625593E+06   0.625513E+06   0.151137E+00
   0.181541E+00   0.127108E+07   0.119540E+07   0.905834E+00  -0.119531E+01   0.400145E+05   0.125261E+07   0.125838E+07   0.125261E+07  -0.282731E-01   0.607054E+06   0.606982E+06   0.133903E+00
   0.186735E+00   0.123238E+07   0.115938E+07   0.830102E+00  -0.109540E+01   0.371171E+05   0.121452E+07   0.122012E+07   0.121452E+07  -0.274134E-01   0.588598E+06   0.588531E+06   0.120880E+00
   0.191930E+00   0.119170E+07   0.112125E+07   0.759837E+00  -0.100272E+01   0.343721E+05   0.117445E+07   0.117987E+07   0.117445E+07  -0.265089E-01   0.569179E+06   0.569114E+06   0.112241E+00
   0.197124E+00   0.114848E+07   0.108049E+07   0.694159E+00  -0.916095E+00   0.317519E+05   0.113183E+07   0.113706E+07   0.113183E+07  -0.255469E-01   0.548525E+06   0.548462E+06   0.107246E+00
   0.202319E+00   0.110374E+07   0.103814E+07   0.633251E+00  -0.835764E+00   0.292757E+05   0.108769E+07   0.109272E+07   0.108769E+07  -0.245506E-01   0.527136E+06   0.527073E+06   0.104594E+00
   0.207514E+00   0.105931E+07   0.996015E+06   0.577656E+00  -0.762439E+00   0.269790E+05   0.104384E+07   0.104868E+07   0.104384E+07  -0.235609E-01   0.505888E+06   0.505824E+06   0.102821E+00
   0.212708E+00   0.101696E+07   0.955876E+06   0.527757E+00  -0.696620E+00   0.248904E+05   0.100205E+07   0.100670E+07   0.100205E+07  -0.226177E-01   0.485636E+06   0.485572E+06   0.100672E+00
   0.217903E+00   0.978129E+06   0.919153E+06   0.483658E+00  -0.638445E+00   0.230252E+05   0.963753E+06   0.968227E+06   0.963753E+06  -0.217532E-01   0.467076E+06   0.467012E+06   0.973538E-01
   0.223097E+00   0.943764E+06   0.886768E+06   0.445170E+00  -0.587660E+00   0.213839E+05   0.929874E+06   0.934194E+06   0.929874E+06  -0.209885E-01   0.450658E+06   0.450596E+06   0.926271E-01
   0.228292E+00   0.914024E+06   0.858870E+06   0.411742E+00  -0.543545E+00   0.199493E+05   0.900576E+06   0.904763E+06   0.900576E+06  -0.203272E-01   0.436459E+06   0.436400E+06   0.867420E-01
   0.233486E+00   0.888222E+06   0.834777E+06   0.382522E+00  -0.504978E+00   0.186875E+05   0.875175E+06   0.879248E+06   0.875175E+06  -0.197539E-01   0.424150E+06   0.424094E+06   0.802634E-01
   0.238681E+00   0.865139E+06   0.813287E+06   0.356554E+00  -0.470700E+00   0.175579E+05   0.852463E+06   0.856433E+06   0.852463E+06  -0.192412E-01   0.413143E+06   0.413090E+06   0.738654E-01
   0.243875E+00   0.843452E+06   0.793096E+06   0.332978E+00  -0.439579E+00   0.165229E+05   0.831123E+06   0.834997E+06   0.831123E+06  -0.187596E-01   0.402801E+06   0.402751E+06   0.681429E-01
   0.249070E+00   0.822017E+06   0.773082E+06   0.311129E+00  -0.410739E+00   0.155529E+05   0.810023E+06   0.813800E+06   0.810023E+06  -0.182833E-01   0.392575E+06   0.392528E+06   0.634764E-01
   0.254264E+00   0.800067E+06   0.752501E+06   0.290575E+00  -0.383612E+00   0.146290E+05   0.788401E+06   0.792080E+06   0.788401E+06  -0.177952E-01   0.382097E+06   0.382051E+06   0.599761E-01
   0.259459E+00   0.777366E+06   0.731130E+06   0.271133E+00  -0.357954E+00   0.137442E+05   0.766026E+06   0.769603E+06   0.766026E+06  -0.172902E-01   0.371254E+06   0.371209E+06   0.575040E-01
   0.264653E+00   0.754198E+06   0.709257E+06   0.252818E+00  -0.333784E+00   0.129008E+05   0.743180E+06   0.746652E+06   0.743180E+06  -0.167746E-01   0.360182E+06   0.360138E+06   0.557524E-01
   0.269848E+00   0.731154E+06   0.687469E+06   0.235736E+00  -0.311242E+00   0.121063E+05   0.720451E+06   0.723819E+06   0.720451E+06  -0.162615E-01   0.349167E+06   0.349123E+06   0.543458E-01
   0.275042E+00   0.708887E+06   0.666415E+06   0.219994E+00  -0.290467E+00   0.113678E+05   0.698488E+06   0.701756E+06   0.698488E+06  -0.157658E-01   0.338524E+06   0.338480E+06   0.529396E-01
   0.280237E+00   0.687958E+06   0.646652E+06   0.205649E+00  -0.271535E+00   0.106901E+05   0.677850E+06   0.681022E+06   0.677850E+06  -0.153000E-01   0.328522E+06   0.328479E+06   0.512936E-01
   0.285432E+00   0.668739E+06   0.628544E+06   0.192689E+00  -0.254428E+00   0.100742E+05   0.658905E+06   0.661990E+06   0.658905E+06  -0.148723E-01   0.319340E+06   0.319298E+06   0.493071E-01
   0.290626E+00   0.651331E+06   0.612189E+06   0.181023E+00  -0.239028E+00   0.951698E+04   0.641753E+06   0.644759E+06   0.641753E+06  -0.144852E-01   0.311028E+06   0.310987E+06   0.470129E-01
   0.295821E+00   0.635548E+06   0.597400E+06   0.170489E+00  -0.225120E+00   0.901142E+04   0.626208E+06   0.629143E+06   0.626208E+06  -0.141343E-01   0.303494E+06   0.303455E+06   0.445412E-01
   0.301015E+00   0.620994E+06   0.583788E+06   0.160888E+00  -0.212443E+00   0.854815E+04   0.611878E+06   0.614747E+06   0.611878E+06  -0.138109E-01   0.296549E+06   0.296511E+06   0.420671E-01
   0.306210E+00   0.607202E+06   0.570893E+06   0.152025E+00  -0.200742E+00   0.811793E+04   0.598299E+06   0.601106E+06   0.598299E+06  -0.135044E-01   0.289969E+06   0.289932E+06   0.397589E-01
   0.311404E+00   0.593750E+06   0.558301E+06   0.143741E+00  -0.189804E+00   0.771295E+04   0.585052E+06   0.587798E+06   0.585052E+06  -0.132054E-01   0.283549E+06   0.283513E+06   0.377370E-01
   0.316599E+00   0.580336E+06   0.545718E+06   0.135921E+00  -0.179481E+00   0.732777E+04   0.571839E+06   0.574523E+06   0.571839E+06  -0.129072E-01   0.277145E+06   0.277111E+06   0.360527E-01
   0.321793E+00   0.566826E+06   0.533015E+06   0.128505E+00  -0.169689E+00   0.695963E+04   0.558527E+06   0.561149E+06   0.558527E+06  -0.126067E-01   0.270693E+06   0.270660E+06   0.346883E-01
   0.326988E+00   0.553260E+06   0.520235E+06   0.121474E+00  -0.160407E+00   0.660799E+04   0.545154E+06   0.547715E+06   0.545154E+06  -0.123049E-01   0.264213E+06   0.264180E+06   0.335726E-01
   0.332182E+00   0.539807E+06   0.507546E+06   0.114839E+00  -0.151649E+00   0.627396E+04   0.531891E+06   0.534390E+06   0.531891E+06  -0.120055E-01   0.257785E+06   0.257752E+06   0.326067E-01
   0.337377E+00   0.526692E+06   0.495174E+06   0.108623E+00  -0.143443E+00   0.595909E+04   0.518961E+06   0.521400E+06   0.518961E+06  -0.117136E-01   0.251518E+06   0.251486E+06   0.316913E-01
   0.342571E+00   0.514129E+06   0.483328E+06   0.102838E+00  -0.135806E+00   0.566458E+04   0.506576E+06   0.508958E+06   0.506576E+06  -0.114341E-01   0.245516E+06   0.245485E+06   0.307495E-01
   0.347766E+00   0.502266E+06   0.472156E+06   0.974850E-01  -0.128738E+00   0.539081E+04   0.494883E+06   0.497211E+06   0.494883E+06  -0.111702E-01   0.239849E+06   0.239818E+06   0.297394E-01
   0.352960E+00   0.491155E+06   0.461708E+06   0.925425E-01  -0.122213E+00   0.513699E+04   0.483934E+06   0.486211E+06   0.483934E+06  -0.109230E-01   0.234543E+06   0.234513E+06   0.286569E-01
   0.358155E+00   0.480753E+06   0.451941E+06   0.879740E-01  -0.116180E+00   0.490148E+04   0.473686E+06   0.475915E+06   0.473686E+06  -0.106917E-01   0.229576E+06   0.229547E+06   0.275281E-01
   0.363349E+00   0.470944E+06   0.442741E+06   0.837329E-01  -0.110580E+00   0.468197E+04   0.464024E+06   0.466208E+06   0.464024E+06  -0.104736E-01   0.224894E+06   0.224865E+06   0.263969E-01
   0.368544E+00   0.461576E+06   0.433959E+06   0.797708E-01  -0.105348E+00   0.447602E+04   0.454798E+06   0.456939E+06   0.454798E+06  -0.102654E-01   0.220422E+06   0.220394E+06   0.253109E-01
   0.373738E+00   0.452499E+06   0.425447E+06   0.760438E-01  -0.100427E+00   0.428143E+04   0.445857E+06   0.447957E+06   0.445857E+06  -0.100636E-01   0.216089E+06   0.216062E+06   0.243086E-01
   0.378933E+00   0.443592E+06   0.417085E+06   0.725172E-01  -0.957697E-01   0.409639E+04   0.437082E+06   0.439141E+06   0.437082E+06  -0.986552E-02   0.211836E+06   0.211810E+06   0.234114E-01
   0.384128E+00   0.434775E+06   0.408799E+06   0.691663E-01  -0.913451E-01   0.391971E+04   0.428395E+06   0.430413E+06   0.428395E+06  -0.966944E-02   0.207626E+06   0.207600E+06   0.226209E-01
   0.389322E+00   0.426034E+06   0.400576E+06   0.659788E-01  -0.871363E-01   0.375082E+04   0.419782E+06   0.421760E+06   0.419782E+06  -0.947503E-02   0.203452E+06   0.203426E+06   0.219223E-01
   0.394517E+00   0.417409E+06   0.392455E+06   0.629512E-01  -0.831387E-01   0.358967E+04   0.411281E+06   0.413219E+06   0.411281E+06  -0.928315E-02   0.199332E+06   0.199307E+06   0.212902E-01
   0.399711E+00   0.408974E+06   0.384510E+06   0.600856E-01  -0.793549E-01   0.343649E+04   0.402967E+06   0.404866E+06   0.402967E+06  -0.909549E-02   0.195302E+06   0.195278E+06   0.206962E-01
   0.404906E+00   0.400801E+06   0.376813E+06   0.573830E-01  -0.757863E-01   0.329147E+04   0.394911E+06   0.396773E+06   0.394911E+06  -0.891366E-02   0.191398E+06   0.191374E+06   0.201155E-01
   0.410100E+00   0.392938E+06   0.369411E+06   0.548405E-01  -0.724291E-01   0.315456E+04   0.387161E+06   0.388987E+06   0.387161E+06  -0.873874E-02   0.187642E+06   0.187618E+06   0.195312E-01
   0.415295E+00   0.385407E+06   0.362329E+06   0.524521E-01  -0.692751E-01   0.302552E+04   0.379741E+06   0.381532E+06   0.379741E+06  -0.857126E-02   0.184046E+06   0.184023E+06   0.189371E-01
   0.420489E+00   0.378214E+06   0.355567E+06   0.502090E-01  -0.663130E-01   0.290394E+04   0.372653E+06   0.374411E+06   0.372653E+06  -0.841127E-02   0.180611E+06   0.180588E+06   0.183366E-01
   0.425684E+00   0.371333E+06   0.349105E+06   0.480999E-01  -0.635277E-01   0.278928E+04   0.365875E+06   0.367601E+06   0.365875E+06  -0.825827E-02   0.177326E+06   0.177303E+06   0.177398E-01
   0.430878E+00   0.364714E+06   0.342890E+06   0.461104E-01  -0.609003E-01   0.268077E+04   0.359354E+06   0.361050E+06   0.359354E+06  -0.811110E-02   0.174166E+06   0.174143E+06   0.171593E-01
   0.436073E+00   0.358294E+06   0.336862E+06   0.442260E-01  -0.584117E-01   0.257767E+04   0.353029E+06   0.354696E+06   0.353029E+06  -0.796834E-02   0.171100E+06   0.171079E+06   0.166066E-01
   0.441267E+00   0.352025E+06   0.330974E+06   0.424351E-01  -0.560466E-01   0.247934E+04   0.346853E+06   0.348490E+06   0.346853E+06  -0.782892E-02   0.168107E+06   0.168085E+06   0.160897E-01
   0.446462E+00   0.345879E+06   0.325198E+06   0.407296E-01  -0.537944E-01   0.238539E+04   0.340798E+06   0.342407E+06   0.340798E+06  -0.769225E-02   0.165172E+06   0.165151E+06   0.156114E-01
   0.451656E+00   0.339844E+06   0.319523E+06   0.391035E-01  -0.516470E-01   0.229550E+04   0.334850E+06   0.336432E+06   0.334850E+06  -0.755802E-02   0.162290E+06   0.162269E+06   0.151697E-01
   0.456851E+00   0.333914E+06   0.313945E+06   0.375523E-01  -0.495984E-01   0.220947E+04   0.329007E+06   0.330561E+06   0.329007E+06  -0.742612E-02   0.159458E+06   0.159438E+06   0.147581E-01
   0.462045E+00   0.328101E+06   0.308476E+06   0.360733E-01  -0.476453E-01   0.212719E+04   0.323278E+06   0.324805E+06   0.323278E+06  -0.729682E-02   0.156681E+06   0.156661E+06   0.143686E-01
   0.467240E+00   0.322428E+06   0.303138E+06   0.346656E-01  -0.457863E-01   0.204863E+04   0.317688E+06   0.319189E+06   0.317688E+06  -0.717064E-02   0.153972E+06   0.153952E+06   0.139934E-01
   0.472435E+00   0.316921E+06   0.297956E+06   0.333281E-01  -0.440200E-01   0.197379E+04   0.312261E+06   0.313737E+06   0.312261E+06  -0.704815E-02   0.151342E+06   0.151323E+06   0.136265E-01
   0.477629E+00   0.311590E+06   0.292943E+06   0.320585E-01  -0.423433E-01   0.190255E+04   0.307009E+06   0.308459E+06   0.307009E+06  -0.692959E-02   0.148796E+06   0.148777E+06   0.132643E-01
   0.482824E+00   0.306434E+06   0.288095E+06   0.308532E-01  -0.407515E-01   0.183475E+04   0.301928E+06   0.303355E+06   0.301928E+06  -0.681492E-02   0.146334E+06   0.146315E+06   0.129060E-01
   0.488018E+00   0.301443E+06   0.283404E+06   0.297080E-01  -0.392390E-01   0.177016E+04   0.297011E+06   0.298414E+06   0.297011E+06  -0.670392E-02   0.143951E+06   0.143932E+06   0.125531E-01
   0.493213E+00   0.296605E+06   0.278858E+06   0.286187E-01  -0.378004E-01   0.170858E+04   0.292244E+06   0.293625E+06   0.292244E+06  -0.659633E-02   0.141640E+06   0.141622E+06   0.122088E-01
   0.498407E+00   0.291905E+06   0.274441E+06   0.275811E-01  -0.364300E-01   0.164977E+04   0.287613E+06   0.288973E+06   0.287613E+06  -0.649181E-02   0.139396E+06   0.139378E+06   0.118762E-01
   0.503602E+00   0.287323E+06   0.270136E+06   0.265910E-01  -0.351224E-01   0.159352E+04   0.283099E+06   0.284438E+06   0.283099E+06  -0.638992E-02   0.137208E+06   0.137191E+06   0.115580E-01
   0.508796E+00   0.282842E+06   0.265924E+06   0.256445E-01  -0.338723E-01   0.153961E+04   0.278683E+06   0.280001E+06   0.278683E+06  -0.629025E-02   0.135068E+06   0.135051E+06   0.112554E-01
   0.513991E+00   0.278448E+06   0.261794E+06   0.247384E-01  -0.326756E-01   0.148787E+04   0.274355E+06   0.275652E+06   0.274355E+06  -0.619255E-02   0.132970E+06   0.132953E+06   0.109685E-01
   0.519185E+00   0.274142E+06   0.257745E+06   0.238708E-01  -0.315298E-01   0.143822E+04   0.270111E+06   0.271389E+06   0.270111E+06  -0.609676E-02   0.130914E+06   0.130897E+06   0.106959E-01
   0.524380E+00   0.269925E+06   0.253779E+06   0.230402E-01  -0.304328E-01   0.139058E+04   0.265956E+06   0.267214E+06   0.265956E+06  -0.600299E-02   0.128900E+06   0.128883E+06   0.104355E-01
   0.529574E+00   0.265802E+06   0.249901E+06   0.222453E-01  -0.293830E-01   0.134488E+04   0.261894E+06   0.263132E+06   0.261894E+06  -0.591128E-02   0.126931E+06   0.126915E+06   0.101849E-01
   0.534769E+00   0.261775E+06   0.246113E+06   0.214846E-01  -0.283783E-01   0.130106E+04   0.257925E+06   0.259145E+06   0.257925E+06  -0.582170E-02   0.125007E+06   0.124991E+06   0.994194E-02
   0.539963E+00   0.257846E+06   0.242419E+06   0.207569E-01  -0.274172E-01   0.125905E+04   0.254054E+06   0.255256E+06   0.254054E+06  -0.573433E-02   0.123131E+06   0.123115E+06   0.970493E-02
   0.545158E+00   0.254020E+06   0.238822E+06   0.200610E-01  -0.264981E-01   0.121881E+04   0.250284E+06   0.251468E+06   0.250284E+06  -0.564924E-02   0.121304E+06   0.121289E+06   0.947317E-02
   0.550353E+00   0.250297E+06   0.235321E+06   0.193955E-01  -0.256192E-01   0.118025E+04   0.246615E+06   0.247782E+06   0.246615E+06  -0.556643E-02   0.119526E+06   0.119511E+06   0.924658E-02
   0.555547E+00   0.246669E+06   0.231911E+06   0.187586E-01  -0.247780E-01   0.114327E+04   0.243041E+06   0.244191E+06   0.243041E+06  -0.548576E-02   0.117794E+06   0.117779E+06   0.902560E-02
   0.560742E+00   0.243129E+06   0.228583E+06   0.181484E-01  -0.239720E-01   0.110778E+04   0.239553E+06   0.240687E+06   0.239553E+06  -0.540702E-02   0.116103E+06   0.116088E+06   0.881087E-02
   0.578426E+00   0.231657E+06   0.217799E+06   0.162508E-01  -0.214657E-01   0.996960E+03   0.228249E+06   0.229330E+06   0.228249E+06  -0.515189E-02   0.110625E+06   0.110611E+06   0.813499E-02
   0.613471E+00   0.211202E+06   0.198567E+06   0.131711E-01  -0.173986E-01   0.815407E+03   0.208095E+06   0.209081E+06   0.208095E+06  -0.469697E-02   0.100857E+06   0.100844E+06   0.700809E-02
   0.650640E+00   0.192508E+06   0.180991E+06   0.106727E-01  -0.140985E-01   0.666575E+03   0.189675E+06   0.190574E+06   0.189675E+06  -0.428121E-02   0.919293E+05   0.919175E+05   0.602796E-02
   0.908042E+00   0.112859E+06   0.106108E+06   0.321226E-02  -0.424371E-02   0.208719E+03   0.111198E+06   0.111726E+06   0.111198E+06  -0.250988E-02   0.538942E+05   0.538872E+05   0.256326E-02
   0.126727E+01   0.653374E+05   0.614285E+05   0.954750E-03  -0.126139E-02   0.637070E+02   0.643753E+05   0.646811E+05   0.643753E+05  -0.145303E-02   0.312008E+05   0.311966E+05   0.108888E-02
   0.176862E+01   0.374184E+05   0.351796E+05   0.280717E-03  -0.370891E-03   0.190721E+02   0.368672E+05   0.370425E+05   0.368672E+05  -0.832139E-03   0.178685E+05   0.178660E+05   0.467513E-03
   0.246831E+01   0.212312E+05   0.199607E+05   0.817734E-04  -0.108046E-03   0.560370E+01   0.209185E+05   0.210179E+05   0.209185E+05  -0.472156E-03   0.101386E+05   0.101371E+05   0.206520E-03
